cmd: ./task2 1
events: Ir Bc Bcm Bi Bim
fl=./csu/../csu/libc-start.c
fn=__libc_start_main@@GLIBC_2.34
128 2 0 0 0 0
134 3 1 0 0 0
135 6 0 0 1 1
138 1 0 0 0 0
139 2 1 0 0 0
142 3 0 0 0 0
143 2 0 0 0 0
144 11 2 1 0 0
145 4 0 0 1 1
242 12 0 0 0 0
311 3 1 0 0 0
312 3 0 0 0 0
337 6 1 0 0 0
340 2 1 1 0 0
343 2 0 0 0 0
350 2 0 0 0 0
352 2 1 0 0 0
360 4 0 0 0 0
fl=./csu/../sysdeps/nptl/libc_start_call_main.h
fn=(below main)
29 9 0 0 0 0
44 3 0 0 0 0
46 2 1 0 0 0
51 2 0 0 0 0
52 2 0 0 0 0
55 2 0 0 0 0
58 6 0 0 1 1
74 2 0 0 0 0
fl=./csu/./csu/init-first.c
fn=_init_first
46 4 0 0 0 0
51 2 1 0 0 0
55 5 1 0 0 0
61 1 0 0 0 0
62 1 0 0 0 0
63 2 0 0 0 0
71 2 0 0 0 0
72 2 0 0 0 0
fl=./ctype/./ctype/ctype-info.c
fn=__ctype_init
29 1 0 0 0 0
31 7 0 0 0 0
33 4 0 0 0 0
35 4 0 0 0 0
36 1 0 0 0 0
fl=./debug/../sysdeps/x86_64/multiarch/ifunc-memmove.h
fn=__memcpy_chk
56 2 1 0 0 0
57 3 0 0 0 0
60 3 0 0 0 0
61 2 1 1 0 0
74 2 1 0 0 0
77 2 1 0 0 0
85 2 1 1 0 0
93 2 1 1 0 0
96 5 0 0 0 0
fn=__memmove_chk
56 2 1 0 0 0
57 3 0 0 0 0
60 3 0 0 0 0
61 2 1 1 0 0
74 2 1 0 0 0
77 2 1 0 0 0
85 2 1 1 0 0
93 2 1 1 0 0
96 5 0 0 0 0
fn=__mempcpy_chk
56 2 1 0 0 0
57 3 0 0 0 0
60 3 0 0 0 0
61 2 1 1 0 0
74 2 1 0 0 0
77 2 1 0 0 0
85 2 1 1 0 0
93 2 1 1 0 0
96 5 0 0 0 0
fl=./debug/../sysdeps/x86_64/multiarch/ifunc-memset.h
fn=__memset_chk
54 5 1 0 0 0
57 3 0 0 0 0
58 2 1 0 0 0
64 2 0 0 0 0
73 2 1 0 0 0
75 2 1 0 0 0
85 2 1 0 0 0
93 2 1 0 0 0
96 5 0 0 0 0
fl=./debug/../sysdeps/x86_64/multiarch/memcpy_chk.c
fn=__memcpy_chk
29 1 0 0 0 0
fl=./debug/../sysdeps/x86_64/multiarch/memmove_chk.c
fn=__memmove_chk
29 1 0 0 0 0
fl=./debug/../sysdeps/x86_64/multiarch/mempcpy_chk.c
fn=__mempcpy_chk
29 1 0 0 0 0
fl=./debug/../sysdeps/x86_64/multiarch/memset_chk.c
fn=__memset_chk
29 1 0 0 0 0
fl=./elf/../bits/stdlib-bsearch.h
fn=intel_check_word.constprop.0
27 102 0 0 0 0
28 51 0 0 0 0
29 792 396 41 0 0
31 690 0 0 0 0
32 370 0 0 0 0
35 282 0 0 0 0
37 126 0 0 0 0
fl=./elf/../elf/dl-tls.c
fn=_dl_add_to_slotinfo
1009 8 0 0 0 0
1015 1 0 0 0 0
1018 1 0 0 0 0
1019 1 0 0 0 0
1023 3 1 0 0 0
1057 2 1 1 0 0
1060 2 0 0 0 0
1061 3 0 0 0 0
1064 6 0 0 0 0
fn=_dl_allocate_tls_init
522 10 0 0 0 0
523 2 1 0 0 0
527 2 0 0 0 0
529 1 0 0 0 0
530 1 0 0 0 0
533 2 0 0 1 1
536 3 1 0 0 0
548 1 0 0 0 0
553 17 2 0 0 0
559 5 2 1 0 0
562 3 0 0 0 0
563 2 1 0 0 0
569 3 1 0 0 0
570 2 0 0 0 0
572 10 0 0 0 0
575 2 1 0 0 0
576 2 0 0 0 0
579 2 1 0 0 0
580 4 1 0 0 0
582 2 1 0 0 0
583 2 0 0 0 0
592 1 0 0 0 0
600 2 1 1 0 0
602 8 0 0 0 0
608 1 0 0 0 0
614 2 0 0 1 1
617 2 0 0 0 0
620 9 0 0 0 0
fn=_dl_allocate_tls_storage
364 1 0 0 0 0
368 1 0 0 0 0
369 1 0 0 0 0
370 2 1 0 0 0
373 1 0 0 0 0
379 2 0 0 0 0
416 4 0 0 0 0
418 1 0 0 0 0
429 1 0 0 0 0
430 1 0 0 0 0
431 2 1 0 0 0
439 6 0 0 0 0
440 1 0 0 0 0
444 305 296 10 0 0
463 1 0 0 0 0
469 5 0 0 0 0
fn=_dl_assign_tls_modid
125 2 0 0 0 0
128 3 1 0 0 0
141 1 0 0 0 0
180 1 0 0 0 0
182 1 0 0 0 0
185 1 0 0 0 0
186 2 0 0 0 0
fn=_dl_count_modids
191 1 0 0 0 0
193 2 1 0 0 0
194 1 0 0 0 0
209 2 0 0 0 0
fn=_dl_determine_tlsoffset
215 8 0 0 0 0
216 1 0 0 0 0
217 1 0 0 0 0
218 1 0 0 0 0
221 3 1 0 0 0
224 2 1 1 0 0
258 1 0 0 0 0
260 10 2 1 0 0
262 5 1 0 0 0
264 3 0 0 0 0
265 2 0 0 0 0
267 2 0 0 0 0
269 5 1 1 0 0
280 1 0 0 0 0
285 8 0 0 0 0
287 2 1 1 0 0
288 1 0 0 0 0
293 1 0 0 0 0
300 1 0 0 0 0
301 7 0 0 0 0
303 2 0 0 0 0
353 1 0 0 0 0
354 8 0 0 0 0
fn=_dl_tls_static_surplus_init
83 3 0 0 0 0
97 6 0 0 0 0
100 6 0 0 0 0
101 5 0 0 0 0
102 3 0 0 0 0
104 4 1 0 0 0
107 1 0 0 0 0
109 1 0 0 0 0
111 3 0 0 0 0
112 5 0 0 0 0
fl=./elf/../include/list.h
fn=__tls_init_tp
43 2 0 0 0 0
44 2 0 0 0 0
45 1 0 0 0 0
47 1 0 0 0 0
fl=./elf/../include/rtld-malloc.h
fn=__minimal_calloc
56 8 0 0 8 1
fn=_dl_allocate_tls_storage
44 2 0 0 1 1
56 1 0 0 1 1
fn=_dl_check_map_versions
44 9 0 0 3 1
fn=_dl_find_object_init
56 2 0 0 1 1
fn=_dl_important_hwcaps
56 4 0 0 2 2
fn=_dl_init_paths
56 5 0 0 3 3
fn=_dl_map_object_deps
56 6 0 0 3 2
fn=_dl_new_object
44 9 0 0 3 1
56 6 0 0 2 1
fn=fillin_rpath.isra.0
50 2 0 0 1 1
51 1 0 0 0 0
56 2 0 0 1 1
fn=init_tls
44 2 0 0 1 1
fl=./elf/../include/scratch_buffer.h
fn=_dl_map_object_deps
77 2 0 0 0 0
78 1 0 0 0 0
85 3 1 1 0 0
131 8 0 0 0 0
fl=./elf/../misc/sbrk.c
fn=sbrk
37 5 0 0 0 0
40 1 0 0 0 0
58 2 1 0 0 0
62 2 1 1 0 0
78 5 0 0 0 0
fl=./elf/../nptl/nptl-stack.h
fn=__libc_early_init
61 8 0 0 0 0
fl=./elf/../sysdeps/generic/_itoa.h
fn=_dl_check_map_versions
76 6 0 0 0 0
fl=./elf/../sysdeps/generic/dl-cache.h
fn=_dl_load_cache_lookup
125 1 0 0 0 0
194 1 0 0 0 0
195 5 1 1 0 0
fl=./elf/../sysdeps/generic/dl-call_tls_init_tp.h
fn=init_tls
31 8 1 0 0 0
33 1 0 0 0 0
fl=./elf/../sysdeps/generic/dl-debug.h
fn=dl_main
29 4 1 0 0 0
30 1 0 0 0 0
fl=./elf/../sysdeps/generic/dl-hash.h
fn=__rtld_malloc_init_real
43 1 0 0 0 0
44 1 0 0 0 0
45 19 6 5 0 0
48 18 0 0 0 0
62 24 0 0 0 0
67 1 0 0 0 0
72 1 0 0 0 0
fl=./elf/../sysdeps/generic/dl-new-hash.h
fn=_dl_lookup_symbol_x
69 83 0 0 0 0
70 166 0 0 0 0
74 656 0 0 0 0
77 1312 656 64 0 0
80 613 0 0 0 0
81 1226 613 45 0 0
87 40 0 0 0 0
88 40 0 0 0 0
89 80 0 0 0 0
90 40 0 0 0 0
99 573 0 0 0 0
101 573 0 0 0 0
102 1146 0 0 0 0
104 573 0 0 0 0
105 573 0 0 0 0
fl=./elf/../sysdeps/generic/dl-protected.h
fn=do_lookup_x
29 304 76 0 0 0
fl=./elf/../sysdeps/generic/ldsodefs.h
fn=_dl_relocate_object
79 23 0 0 0 0
140 252 0 0 0 0
fn=_dl_start
79 6 0 0 0 0
fn=do_lookup_x
139 152 0 0 0 0
140 228 0 0 0 0
fl=./elf/../sysdeps/nptl/dl-mutex.c
fn=__rtld_mutex_init
30 4 0 0 0 0
37 1 0 0 0 0
40 7 0 0 0 0
44 2 1 1 0 0
45 9 1 0 0 0
47 6 0 0 0 0
51 2 1 0 0 0
52 7 1 0 0 0
53 4 0 0 0 0
fl=./elf/../sysdeps/nptl/dl-tls_init_tp.c
fn=__tls_init_tp
68 3 0 0 0 0
69 1 0 0 0 0
72 1 0 0 0 0
75 4 0 0 0 0
76 2 0 0 0 0
77 1 0 0 0 0
82 2 0 0 0 0
87 4 0 0 0 0
90 1 0 0 0 0
93 3 0 0 0 0
105 4 0 0 0 0
121 3 0 0 0 0
128 2 0 0 0 0
129 3 0 0 0 0
fn=__tls_pre_init_tp
53 3 0 0 0 0
56 10 0 0 0 0
61 2 0 0 0 0
62 1 0 0 0 0
64 1 0 0 0 0
fn=rtld_mutex_dummy
42 8 0 0 0 0
44 16 0 0 0 0
fl=./elf/../sysdeps/nptl/pthread_early_init.h
fn=__libc_early_init
33 6 1 0 0 0
34 1 0 0 0 0
38 5 0 0 0 0
45 2 0 0 0 0
46 1 0 0 0 0
48 2 0 0 0 0
52 5 0 0 0 0
53 1 0 0 0 0
54 1 0 0 0 0
56 1 0 0 0 0
fl=./elf/../sysdeps/posix/dl-fileid.h
fn=_dl_map_object_from_fd
37 8 2 0 0 0
40 8 0 0 0 0
49 16 6 5 0 0
fl=./elf/../sysdeps/unix/sysv/linux/brk.c
fn=brk
36 1 0 0 0 0
37 1 0 0 0 0
38 2 1 0 0 0
44 1 0 0 0 0
45 1 0 0 0 0
fl=./elf/../sysdeps/unix/sysv/linux/brk_call.h
fn=brk
24 2 0 0 0 0
fl=./elf/../sysdeps/unix/sysv/linux/dl-osinfo.h
fn=dl_main
39 2 0 0 0 0
52 1 0 0 0 0
fl=./elf/../sysdeps/unix/sysv/linux/dl-parse_auxv.h
fn=_dl_sysdep_parse_arguments
32 2 0 0 0 0
33 1 0 0 0 0
34 1 0 0 0 0
41 93 23 6 0 0
42 44 22 0 0 0
43 44 0 0 0 0
45 1 0 0 0 0
46 2 0 0 0 0
47 3 0 0 0 0
48 2 0 0 0 0
49 2 0 0 0 0
50 2 0 0 0 0
51 2 0 0 0 0
52 2 0 0 0 0
54 2 0 0 0 0
fl=./elf/../sysdeps/unix/sysv/linux/dl-sysdep.c
fn=_dl_sysdep_parse_arguments
78 5 0 0 0 0
79 2 0 0 0 0
80 2 0 0 0 0
81 3 0 0 0 0
82 85 0 0 0 0
83 173 86 10 0 0
86 2 0 0 0 0
90 56 52 10 0 0
93 2 0 0 0 0
94 2 0 0 0 0
95 2 0 0 0 0
96 5 0 0 0 0
fn=_dl_sysdep_start
102 4 0 0 0 0
103 1 0 0 0 0
106 2 0 0 0 0
110 2 0 0 0 0
113 1 0 0 0 0
115 2 0 0 0 0
122 3 1 0 0 0
123 2 0 0 0 0
125 5 1 0 0 0
137 3 1 0 0 0
140 5 0 0 1 1
143 4 0 0 0 0
fn=_dl_sysdep_start_cleanup
147 1 0 0 0 0
148 1 0 0 0 0
fl=./elf/../sysdeps/unix/sysv/linux/dl-vdso-setup.h
fn=dl_main
30 1 0 0 0 0
33 1 0 0 0 0
36 1 0 0 0 0
39 1 0 0 0 0
45 1 0 0 0 0
fl=./elf/../sysdeps/unix/sysv/linux/dl-vdso.h
fn=dl_main
40 2 0 0 0 0
41 5 1 0 0 0
55 2 0 0 0 0
fl=./elf/../sysdeps/unix/sysv/linux/rseq-internal.h
fn=__tls_init_tp
32 3 1 1 0 0
34 7 0 0 0 0
37 2 1 1 0 0
40 1 0 0 0 0
fl=./elf/../sysdeps/unix/sysv/linux/x86/cpu-features.c
fn=init_cpu_features.constprop.0
27 6 1 0 0 0
fl=./elf/../sysdeps/unix/sysv/linux/x86/dl-hwcap2.h
fn=update_active.constprop.0
25 2 1 1 0 0
fl=./elf/../sysdeps/unix/sysv/linux/x86/dl-minsigstacksize.h
fn=get_common_indices.constprop.0
24 2 1 0 0 0
27 2 1 0 0 0
28 2 1 0 0 0
65 3 0 0 0 0
72 1 0 0 0 0
74 1 0 0 0 0
fl=./elf/../sysdeps/x86/cpu-features.c
fn=get_common_indices.constprop.0
351 1 0 0 0 0
355 4 1 0 0 0
358 5 0 0 0 0
362 1 0 0 0 0
363 4 0 0 0 0
364 4 0 0 0 0
365 4 0 0 0 0
366 3 0 0 0 0
367 2 1 0 0 0
374 2 1 0 0 0
376 9 0 0 0 0
381 8 0 0 0 0
388 2 1 0 0 0
389 7 0 0 0 0
395 2 1 1 0 0
410 2 0 0 0 0
fn=init_cpu_features.constprop.0
329 3 0 0 0 0
330 2 1 0 0 0
331 6 0 0 0 0
336 2 1 1 0 0
337 6 0 0 0 0
342 2 1 0 0 0
343 7 0 0 0 0
635 7 0 0 0 0
638 1 0 0 0 0
639 1 0 0 0 0
640 1 0 0 0 0
643 1 0 0 0 0
652 3 0 0 0 0
655 6 3 1 0 0
656 1 0 0 0 0
659 2 0 0 0 0
661 6 0 0 0 0
666 1 0 0 0 0
668 3 1 1 0 0
670 9 1 0 0 0
674 7 1 0 1 1
727 3 1 1 0 0
734 2 0 0 0 0
752 1 0 0 0 0
785 2 1 1 0 0
819 4 1 1 0 0
822 2 0 0 0 0
823 1 0 0 0 0
831 2 1 0 0 0
838 2 1 0 0 0
840 2 0 0 0 0
844 2 1 0 0 0
850 2 1 1 0 0
852 1 0 0 0 0
954 3 1 0 0 0
955 2 0 0 0 0
958 2 1 0 0 0
959 2 0 0 0 0
965 1 0 0 0 0
966 1 0 0 0 0
967 1 0 0 0 0
968 2 0 0 0 0
972 4 0 0 0 0
975 4 0 0 0 0
981 3 1 1 0 0
994 2 0 0 0 0
995 4 1 1 0 0
1034 1 0 0 0 0
1035 2 1 1 0 0
1039 3 1 1 0 0
1056 2 0 0 0 0
1057 2 1 0 0 0
1059 3 1 0 0 0
1060 2 0 0 0 0
1062 3 1 0 0 0
1063 2 0 0 0 0
1066 2 0 0 0 0
1080 4 0 0 0 0
1082 4 0 0 0 0
1091 2 0 0 0 0
1136 8 0 0 0 0
fn=update_active.constprop.0
50 7 0 0 0 0
54 1 0 0 0 0
62 3 0 0 0 0
63 3 0 0 0 0
64 2 0 0 0 0
72 4 0 0 0 0
73 1 0 0 0 0
81 4 0 0 0 0
82 1 0 0 0 0
83 3 0 0 0 0
87 4 0 0 0 0
90 3 0 0 0 0
91 1 0 0 0 0
94 3 0 0 0 0
95 2 0 0 0 0
99 4 0 0 0 0
100 3 0 0 0 0
101 3 0 0 0 0
102 2 0 0 0 0
106 4 0 0 0 0
107 5 0 0 0 0
108 3 0 0 0 0
110 2 1 0 0 0
111 4 0 0 0 0
114 4 0 0 0 0
115 4 0 0 0 0
119 2 1 0 0 0
123 2 0 0 0 0
125 4 1 1 0 0
129 2 1 0 0 0
131 1 0 0 0 0
134 2 1 1 0 0
136 2 0 0 0 0
140 1 0 0 0 0
141 1 0 0 0 0
148 4 0 0 0 0
150 4 0 0 0 0
156 4 0 0 0 0
158 5 0 0 0 0
160 2 0 0 0 0
165 4 1 1 0 0
214 4 1 0 0 0
230 2 1 1 0 0
234 2 0 0 0 0
235 1 0 0 0 0
238 4 0 0 0 0
242 2 1 1 0 0
246 3 0 0 0 0
247 2 1 0 0 0
249 1 0 0 0 0
250 1 0 0 0 0
253 2 0 0 0 0
255 1 0 0 0 0
258 2 1 1 0 0
309 3 1 1 0 0
313 3 1 1 0 0
322 1 0 0 0 0
323 8 0 0 0 0
fl=./elf/../sysdeps/x86/dl-cacheinfo.h
fn=get_common_cache_info.constprop.0
576 9 0 0 0 0
591 1 0 0 0 0
592 1 0 0 0 0
593 2 0 0 0 0
594 1 0 0 0 0
595 1 0 0 0 0
601 3 0 0 0 0
603 6 0 0 0 0
606 2 1 0 0 0
618 1 0 0 0 0
623 3 1 0 0 0
627 2 1 1 0 0
632 7 1 1 0 0
635 34 1 1 0 0
642 8 4 0 0 0
645 26 7 3 0 0
650 2 1 0 0 0
654 3 0 0 0 0
655 2 0 0 0 0
659 2 1 0 0 0
663 3 0 0 0 0
666 4 0 0 0 0
667 1 0 0 0 0
672 4 2 1 0 0
678 4 2 0 0 0
686 5 0 0 0 0
688 2 1 0 0 0
690 4 2 1 0 0
692 13 1 0 0 0
694 1 0 0 0 0
695 1 0 0 0 0
696 9 2 0 0 0
698 4 2 1 0 0
701 2 1 0 0 0
706 1 0 0 0 0
708 4 0 0 0 0
709 3 0 0 0 0
710 1 0 0 0 0
713 2 1 1 0 0
716 2 1 0 0 0
723 1 0 0 0 0
725 4 0 0 0 0
726 1 0 0 0 0
731 2 0 0 0 0
736 3 1 0 0 0
737 1 0 0 0 0
738 2 1 0 0 0
739 1 0 0 0 0
764 3 0 0 0 0
775 4 2 0 0 0
776 5 0 0 0 0
780 2 1 1 0 0
787 1 0 0 0 0
788 1 0 0 0 0
789 1 0 0 0 0
790 7 0 0 0 0
fn=handle_intel.constprop.0
250 96 0 0 0 0
255 24 12 0 0 0
263 12 0 0 0 0
264 12 0 0 0 0
266 4 1 1 0 0
272 48 0 0 0 0
279 24 0 0 0 0
280 60 0 0 0 0
284 60 0 0 0 0
286 24 12 2 0 0
289 60 0 0 0 0
291 24 12 11 0 0
294 5 0 0 0 0
296 2 1 0 0 0
299 5 0 0 0 0
301 2 1 0 0 0
305 3 1 1 0 0
310 96 0 0 0 0
fn=init_cpu_features.constprop.0
797 1 0 0 0 0
798 1 0 0 0 0
800 1 0 0 0 0
814 2 1 1 0 0
816 3 0 0 0 0
817 3 0 0 0 0
818 4 0 0 0 0
819 1 0 0 0 0
822 3 0 0 0 0
824 3 0 0 0 0
825 2 0 0 0 0
827 3 0 0 0 0
829 3 0 0 0 0
830 1 0 0 0 0
832 3 0 0 0 0
834 3 0 0 0 0
835 1 0 0 0 0
837 3 0 0 0 0
839 3 0 0 0 0
841 3 0 0 0 0
843 7 0 0 0 0
899 1 0 0 0 0
900 1 0 0 0 0
901 2 0 0 0 0
902 2 0 0 0 0
903 2 0 0 0 0
904 2 0 0 0 0
905 2 0 0 0 0
906 1 0 0 0 0
907 1 0 0 0 0
908 1 0 0 0 0
909 1 0 0 0 0
910 1 0 0 0 0
912 1 0 0 0 0
915 3 0 0 0 0
929 3 0 0 0 0
930 6 0 0 0 0
935 2 0 0 0 0
936 5 0 0 0 0
937 2 0 0 0 0
944 3 1 0 0 0
964 6 0 0 0 0
973 2 0 0 0 0
974 2 1 0 0 0
979 12 0 0 0 0
992 5 0 0 0 0
1000 7 0 0 0 0
1002 2 1 1 0 0
1005 5 0 0 0 0
1007 2 1 1 0 0
1010 5 0 0 0 0
1011 5 1 0 0 0
1015 5 0 0 0 0
1016 2 1 1 0 0
1022 6 0 0 0 0
1025 10 0 0 0 0
1026 9 0 0 0 0
1027 12 0 0 0 0
1030 9 0 0 0 0
1032 9 0 0 0 0
1045 4 0 0 0 0
1047 2 0 0 0 0
1048 2 0 0 0 0
1049 1 0 0 0 0
1050 1 0 0 0 0
1051 1 0 0 0 0
1052 1 0 0 0 0
fn=intel_check_word.constprop.0
110 690 345 10 0 0
113 345 345 44 0 0
119 104 0 0 0 0
123 78 26 0 0 0
125 15 0 0 0 0
129 156 0 0 0 0
131 154 77 4 0 0
133 63 0 0 0 0
135 126 63 0 0 0
143 126 63 2 0 0
152 36 12 4 0 0
155 123 0 0 0 0
158 99 33 1 0 0
162 58 0 0 0 0
164 189 44 17 0 0
167 120 20 3 0 0
168 72 18 4 0 0
169 60 15 3 0 0
170 48 12 4 0 0
172 11 0 0 0 0
174 22 11 5 0 0
176 12 0 0 0 0
177 16 0 0 0 0
178 12 0 0 0 0
179 20 0 0 0 0
180 14 7 3 0 0
181 12 0 0 0 0
183 8 4 0 0 0
184 12 0 0 0 0
187 21 0 0 0 0
194 204 51 8 0 0
202 175 0 0 0 0
216 51 0 0 0 0
246 104 0 0 0 0
fl=./elf/../sysdeps/x86/dl-cet.c
fn=_dl_cet_check
41 2 0 0 0 0
42 1 0 0 0 0
44 3 0 0 0 0
45 1 0 0 0 0
48 4 1 0 0 0
49 2 0 0 0 0
51 1 0 0 0 0
62 2 1 1 0 0
252 8 0 0 0 0
254 8 0 0 0 0
fl=./elf/../sysdeps/x86/dl-get-cpu-features.c
fn=__x86_cpu_features
39 3 1 0 0 0
71 3 0 0 0 0
fn=_dl_x86_init_cpu_features
37 1 0 0 0 0
39 3 1 1 0 0
41 1 0 0 0 0
fl=./elf/../sysdeps/x86/dl-isa-level.h
fn=_dl_load_cache_lookup
28 6 0 0 0 0
fl=./elf/../sysdeps/x86/dl-procinfo.h
fn=_dl_load_cache_lookup
39 2 1 0 0 0
42 7 1 1 0 0
fl=./elf/../sysdeps/x86/dl-prop.h
fn=_dl_map_object_from_fd
95 16 8 2 0 0
100 4 0 0 0 0
101 2 0 0 0 0
102 2 0 0 0 0
103 2 0 0 0 0
105 18 4 2 0 0
108 6 2 0 0 0
109 4 2 0 0 0
110 4 2 0 0 0
114 6 2 0 0 0
118 6 0 0 0 0
121 6 0 0 0 0
122 4 2 0 0 0
126 2 0 0 0 0
127 10 0 0 0 0
131 6 0 0 0 0
132 3 0 0 0 0
135 6 3 0 0 0
138 3 0 0 0 0
139 12 3 1 0 0
142 2 0 0 0 0
144 12 3 0 0 0
151 6 3 0 0 0
164 6 3 2 0 0
165 4 0 0 0 0
167 3 0 0 0 0
170 3 0 0 0 0
185 6 0 0 0 0
187 8 2 1 0 0
192 2 0 0 0 0
193 8 0 0 0 0
198 16 2 0 0 0
200 8 0 0 0 0
201 2 0 0 0 0
202 2 0 0 0 0
203 4 0 0 0 0
212 6 0 0 0 0
213 2 0 0 0 0
fn=dl_main
36 2 0 0 0 0
37 15 5 4 0 0
40 7 0 0 0 0
49 22 8 1 0 0
53 18 3 0 0 0
71 3 0 0 0 0
95 8 4 1 0 0
100 2 0 0 0 0
101 1 0 0 0 0
102 1 0 0 0 0
103 1 0 0 0 0
105 11 2 1 0 0
108 3 1 0 0 0
109 2 1 0 0 0
110 2 1 0 0 0
114 3 1 0 0 0
118 3 0 0 0 0
121 3 0 0 0 0
122 2 1 0 0 0
126 1 0 0 0 0
127 5 0 0 0 0
131 4 0 0 0 0
132 2 0 0 0 0
135 4 2 0 0 0
138 2 0 0 0 0
139 8 2 0 0 0
142 2 0 0 0 0
144 8 2 0 0 0
151 4 2 0 0 0
164 4 2 1 0 0
165 2 0 0 0 0
167 2 0 0 0 0
170 3 0 0 0 0
185 3 0 0 0 0
187 4 1 0 0 0
192 1 0 0 0 0
193 4 0 0 0 0
198 10 1 0 0 0
200 4 0 0 0 0
201 1 0 0 0 0
202 1 0 0 0 0
203 2 0 0 0 0
212 5 0 0 0 0
213 2 0 0 0 0
fl=./elf/../sysdeps/x86/get-isa-level.h
fn=_dl_hwcaps_subdirs_active
30 4 1 1 0 0
31 1 0 0 0 0
32 3 1 0 0 0
36 3 1 0 0 0
39 4 1 0 0 0
40 4 1 0 0 0
45 4 1 0 0 0
48 2 1 0 0 0
51 5 1 0 0 0
53 4 1 0 0 0
54 2 1 0 0 0
55 2 1 0 0 0
58 4 1 1 0 0
fn=update_active.constprop.0
28 1 0 0 0 0
30 4 1 1 0 0
32 3 1 0 0 0
36 3 1 1 0 0
38 1 0 0 0 0
39 2 1 0 0 0
40 3 1 0 0 0
45 4 0 0 0 0
47 1 0 0 0 0
48 2 1 0 0 0
51 5 1 0 0 0
53 4 1 0 0 0
54 2 0 0 0 0
55 2 1 0 0 0
57 1 0 0 0 0
58 4 1 1 0 0
fl=./elf/../sysdeps/x86_64/dl-hwcaps-subdirs.c
fn=_dl_hwcaps_subdirs_active
29 1 0 0 0 0
38 3 0 0 0 0
43 1 0 0 0 0
48 1 0 0 0 0
52 1 0 0 0 0
fl=./elf/../sysdeps/x86_64/dl-machine.h
fn=_dl_fixup
220 2 0 0 0 0
fn=_dl_relocate_object
72 12 3 2 0 0
78 4 1 1 0 0
82 3 1 0 0 0
88 1 0 0 0 0
98 3 1 0 0 0
118 2 1 0 0 0
121 2 0 0 0 0
123 4 0 0 0 0
253 198 93 0 0 0
260 198 99 0 0 0
264 198 99 1 0 0
273 756 178 10 0 0
276 171 0 0 0 0
277 4 2 2 0 0
278 368 92 1 0 0
303 594 99 0 99 14
377 24 0 0 0 0
384 48 16 0 0 0
386 64 16 0 0 0
390 48 0 0 0 0
399 32 0 0 0 0
407 168 0 0 0 0
420 7 1 0 0 0
460 4 0 0 0 0
462 2 0 0 2 2
463 2 0 0 0 0
482 18 0 0 0 0
483 6 0 0 0 0
487 12 6 0 0 0
488 12 0 0 0 0
498 120 0 0 0 0
502 30 15 0 0 0
505 45 15 0 0 0
506 15 0 0 0 0
532 90 0 0 0 0
534 45 0 0 45 45
535 45 0 0 0 0
fn=_dl_start
46 1 0 0 0 0
264 9 3 0 0 0
273 27 3 0 0 0
276 6 0 0 0 0
277 12 3 0 0 0
303 9 3 1 0 0
307 2 0 0 0 0
fn=_dl_sysdep_start
206 1 0 0 0 0
fl=./elf/../sysdeps/x86_64/dl-runtime.h
fn=_dl_fixup
28 2 0 0 0 0
fl=./elf/../sysdeps/x86_64/dl-trampoline.h
fn=_dl_runtime_resolve_xsave
71 2 0 0 0 0
76 2 0 0 0 0
79 2 0 0 0 0
81 2 0 0 0 0
91 2 0 0 0 0
97 2 0 0 0 0
98 2 0 0 0 0
99 2 0 0 0 0
100 2 0 0 0 0
101 2 0 0 0 0
102 2 0 0 0 0
103 2 0 0 0 0
107 2 0 0 0 0
108 2 0 0 0 0
111 2 0 0 0 0
112 2 0 0 0 0
114 2 0 0 0 0
115 2 0 0 0 0
116 2 0 0 0 0
117 2 0 0 0 0
118 2 0 0 0 0
119 2 0 0 0 0
121 2 0 0 0 0
128 2 0 0 0 0
129 2 0 0 0 0
130 2 0 0 0 0
131 2 0 0 0 0
136 2 0 0 0 0
137 2 0 0 0 0
138 2 0 0 0 0
140 2 0 0 0 0
141 2 0 0 0 0
142 2 0 0 0 0
143 2 0 0 0 0
144 2 0 0 0 0
145 2 0 0 0 0
146 2 0 0 0 0
148 2 0 0 0 0
150 2 0 0 0 0
154 2 0 0 0 0
156 2 0 0 2 2
fl=./elf/./dl-find_object.h
fn=_dl_find_object_from_map
95 8 0 0 0 0
96 8 0 0 0 0
97 4 0 0 0 0
103 20 0 0 0 0
104 119 41 4 0 0
105 82 41 18 0 0
107 12 0 0 0 0
112 4 0 0 0 0
fl=./elf/./dl-hwcaps.h
fn=_dl_important_hwcaps
43 11 0 0 0 0
45 7 0 0 0 0
46 1 0 0 0 0
77 8 0 0 0 0
78 8 0 0 0 0
79 5 0 0 0 0
fl=./elf/./dl-load.h
fn=_dl_map_object_from_fd
91 16 8 1 0 0
92 4 1 0 0 0
93 5 1 0 0 0
94 4 0 0 0 0
96 4 0 0 0 0
fl=./elf/./dl-main.h
fn=dl_main
112 5 0 0 0 0
fl=./elf/./dl-map-segments.h
fn=_dl_map_object_from_fd
28 6 2 0 0 0
29 18 0 0 0 0
81 2 0 0 0 0
101 2 0 0 0 0
102 6 2 0 0 0
105 6 0 0 0 0
106 4 0 0 0 0
108 4 2 2 0 0
125 2 0 0 0 0
135 48 8 2 0 0
137 24 6 0 0 0
139 60 6 2 0 0
149 32 8 6 0 0
155 4 0 0 0 0
156 2 0 0 0 0
157 6 0 0 0 0
158 4 0 0 0 0
160 4 0 0 0 0
165 4 2 0 0 0
168 6 2 0 0 0
176 14 0 0 0 0
182 4 2 1 0 0
186 8 0 0 0 0
189 2 1 1 0 0
194 8 0 0 0 0
fl=./elf/./dl-sym-post.h
fn=lookup_malloc_symbol
41 8 4 0 0 0
53 12 4 0 0 0
fl=./elf/./dl-tunable-types.h
fn=__GI___tunable_set_val
87 10 0 0 0 0
fl=./elf/./elf/dl-audit.c
fn=_dl_audit_activity_map
29 6 0 0 0 0
30 1 0 0 0 0
31 3 1 1 0 0
37 6 0 0 0 0
fn=_dl_audit_activity_nsid
41 3 0 0 0 0
45 12 0 0 0 0
46 3 0 0 0 0
47 15 6 1 0 0
fn=_dl_audit_objclose
97 4 0 0 0 0
98 16 4 0 0 0
fn=_dl_audit_objopen
77 2 0 0 0 0
78 8 2 0 0 0
fn=_dl_audit_preinit
118 1 0 0 0 0
119 4 1 0 0 0
fl=./elf/./elf/dl-cache.c
fn=_dl_cache_libcmp
357 33 0 0 0 0
358 131 60 10 0 0
360 174 58 2 0 0
362 62 2 0 0 0
368 8 0 0 0 0
369 6 0 0 0 0
370 55 2 2 0 0
372 55 2 2 0 0
374 4 2 2 0 0
380 112 56 0 0 0
382 112 56 9 0 0
383 27 0 0 0 0
386 47 0 0 0 0
387 47 0 0 0 0
390 17 0 0 0 0
fn=_dl_load_cache_lookup
191 18 0 0 0 0
205 1 0 0 0 0
208 8 0 0 0 0
210 10 0 0 0 0
211 2 0 0 0 0
213 5 0 0 0 0
220 21 9 4 0 0
222 55 0 0 0 0
223 18 0 0 0 0
227 27 9 0 0 0
231 27 0 0 0 0
232 18 9 1 0 0
240 4 2 1 0 0
242 2 0 0 0 0
245 2 1 0 0 0
247 6 0 0 0 0
249 1 0 0 0 0
259 4 2 1 0 0
263 4 1 0 0 0
264 6 1 0 0 0
269 6 2 1 0 0
270 4 1 0 0 0
286 7 1 0 0 0
295 2 1 0 0 0
298 2 1 1 0 0
301 1 0 0 0 0
302 3 1 1 0 0
330 2 0 0 0 0
342 4 1 0 0 0
346 8 8 4 0 0
347 6 0 0 0 0
349 2 0 0 0 0
403 10 0 0 0 0
405 2 1 0 0 0
408 3 1 1 0 0
411 5 0 0 0 0
419 5 2 0 0 0
420 8 2 1 0 0
423 6 1 0 0 0
424 1 0 0 0 0
431 1 0 0 0 0
432 2 0 0 0 0
482 3 1 0 0 0
485 3 0 0 0 0
500 2 1 0 0 0
512 3 0 0 0 0
513 15 2 1 0 0
514 4 0 0 0 0
515 1 0 0 0 0
516 8 0 0 0 0
fn=_dl_unload_cache
525 2 0 0 0 0
526 4 1 1 0 0
528 2 0 0 0 0
529 1 0 0 0 0
533 1 0 0 0 0
535 2 0 0 0 0
fl=./elf/./elf/dl-call-libc-early-init.c
fn=_dl_call_libc_early_init
27 4 0 0 0 0
29 2 1 0 0 0
33 7 0 0 0 0
37 2 1 0 0 0
39 4 1 0 0 0
40 2 0 0 1 1
41 3 0 0 0 0
fl=./elf/./elf/dl-call_fini.c
fn=_dl_call_fini
24 20 0 0 0 0
28 8 4 0 0 0
32 4 0 0 0 0
34 4 0 0 0 0
35 8 4 3 0 0
38 4 0 0 0 0
39 6 0 0 0 0
42 16 4 0 0 0
43 2 0 0 2 2
47 4 0 0 0 0
48 8 4 2 0 0
49 6 0 0 2 2
50 14 0 0 0 0
fl=./elf/./elf/dl-catch.c
fn=_dl_catch_error
254 10 0 0 0 0
256 2 0 0 0 0
257 2 0 0 0 0
258 2 0 0 0 0
259 2 0 0 0 0
261 5 0 0 0 0
fn=_dl_catch_exception
58 9 3 3 0 0
59 6 0 0 0 0
69 6 3 0 0 0
70 15 0 0 0 0
204 18 0 0 0 0
207 6 3 0 0 0
214 3 0 0 0 0
228 3 0 0 0 0
229 6 0 0 0 0
235 18 3 0 0 0
237 9 0 0 3 2
239 12 0 0 0 0
248 9 0 0 0 0
fn=_dl_receive_error
58 2 1 0 0 0
59 1 0 0 0 0
69 2 1 0 0 0
70 2 0 0 0 0
186 6 0 0 0 0
188 1 0 0 0 0
192 1 0 0 0 0
194 1 0 0 1 1
197 1 0 0 0 0
198 4 0 0 0 0
fl=./elf/./elf/dl-debug.c
fn=_dl_debug_initialize
56 2 0 0 0 0
57 1 0 0 0 0
59 2 1 0 0 0
61 2 0 0 0 0
63 3 1 0 0 0
64 1 0 0 0 0
85 3 1 1 0 0
90 3 0 0 0 0
91 2 0 0 0 0
92 1 0 0 0 0
95 3 1 1 0 0
96 6 0 0 0 0
99 2 1 1 0 0
107 2 0 0 0 0
fn=_dl_debug_state
116 2 0 0 0 0
117 2 0 0 0 0
fn=_dl_debug_update
38 3 0 0 0 0
40 6 3 2 0 0
41 3 0 0 0 0
44 6 3 0 0 0
48 3 0 0 0 0
fl=./elf/./elf/dl-deps.c
fn=_dl_map_object_deps
128 3 0 0 0 0
129 5 0 0 0 0
130 6 0 0 0 0
132 3 0 0 0 0
136 8 0 0 0 0
143 13 0 0 0 0
144 20 2 2 0 0
160 9 2 0 0 0
161 1 0 0 0 0
164 1 0 0 0 0
182 1 0 0 0 0
183 6 0 0 0 0
184 1 0 0 0 0
188 9 0 0 0 0
190 12 0 0 0 0
193 4 0 0 0 0
197 12 4 4 0 0
198 25 11 2 0 0
201 8 2 0 0 0
205 4 0 0 0 0
208 16 8 2 0 0
210 8 2 2 0 0
215 2 0 0 0 0
216 2 0 0 0 0
217 4 0 0 0 0
218 4 0 0 0 0
219 2 0 0 0 0
221 222 54 9 0 0
222 104 52 6 0 0
228 23 2 2 0 0
230 2 0 0 0 0
232 8 0 0 0 0
233 4 2 0 0 0
242 2 0 0 0 0
244 4 2 0 0 0
249 14 2 2 0 0
252 2 0 0 0 0
253 2 0 0 0 0
254 2 0 0 0 0
255 4 0 0 0 0
256 2 0 0 0 0
257 2 0 0 0 0
259 8 0 0 0 0
263 6 2 1 0 0
264 3 0 0 0 0
266 150 50 5 0 0
417 8 4 2 0 0
419 10 0 0 0 0
422 4 0 0 0 0
423 8 2 0 0 0
429 2 0 0 0 0
430 10 0 0 0 0
431 10 0 0 0 0
434 2 0 0 0 0
435 4 0 0 0 0
439 12 4 4 0 0
441 4 0 0 0 0
442 17 7 6 0 0
448 5 1 0 0 0
449 1 0 0 0 0
452 4 1 1 0 0
463 5 0 0 0 0
465 4 1 0 0 0
470 5 0 0 0 0
471 1 0 0 0 0
472 2 0 0 0 0
474 16 5 2 0 0
478 4 0 0 0 0
483 8 4 3 0 0
485 12 0 0 0 0
490 4 0 0 0 0
494 2 0 0 0 0
495 3 1 1 0 0
532 2 1 0 0 0
533 2 1 1 0 0
547 9 0 0 0 0
552 9 0 0 0 0
553 5 0 0 0 0
557 1 0 0 0 0
559 2 0 0 0 0
560 1 0 0 0 0
561 3 1 1 0 0
568 3 1 1 0 0
571 2 1 0 0 0
574 8 0 0 0 0
fn=openaux
61 6 0 0 0 0
64 22 0 0 0 0
65 2 0 0 0 0
68 2 0 0 0 0
69 4 0 0 0 0
fl=./elf/./elf/dl-environ.c
fn=_dl_next_ld_env_entry
28 3 0 0 0 0
29 3 0 0 0 0
32 259 86 2 0 0
34 170 85 29 0 0
35 36 18 9 0 0
37 2 0 0 0 0
40 4 0 0 0 0
42 2 0 0 0 0
45 83 0 0 0 0
fl=./elf/./elf/dl-find_object.c
fn=_dl_find_object_init
561 4 0 0 0 0
564 1 0 0 0 0
566 2 1 0 0 0
567 3 0 0 0 0
579 2 0 0 0 0
580 3 0 0 0 0
582 2 1 0 0 0
585 2 1 0 0 0
590 1 0 0 0 0
591 1 0 0 0 0
594 3 1 1 0 0
596 2 0 0 0 0
599 6 0 0 0 0
601 1 0 0 0 0
604 4 0 0 0 0
fn=_dlfo_process_initial
474 4 0 0 0 0
475 2 0 0 0 0
477 2 0 0 0 0
478 4 2 0 0 0
504 24 4 0 0 0
505 22 10 4 0 0
506 8 0 0 0 0
508 28 14 4 0 0
511 24 6 4 0 0
513 18 6 3 0 0
515 6 0 0 0 0
516 6 0 0 0 0
517 12 0 0 0 0
529 2 0 0 0 0
531 8 0 0 0 0
fn=_dlfo_sort_mappings
536 1 0 0 0 0
537 2 1 0 0 0
540 12 2 1 0 0
544 4 0 0 0 0
545 19 5 1 0 0
546 15 3 1 0 0
548 2 0 0 0 0
549 2 0 0 0 0
553 8 0 0 0 0
554 10 0 0 0 0
555 4 0 0 0 0
557 1 0 0 0 0
fl=./elf/./elf/dl-fini.c
fn=_dl_fini
26 8 0 0 0 0
34 3 0 0 1 1
37 1 0 0 0 0
39 12 5 3 0 0
40 4 0 0 0 0
43 4 0 0 0 0
47 2 0 0 1 1
54 4 0 0 0 0
56 2 0 0 0 0
58 18 6 3 0 0
59 4 0 0 0 0
62 32 4 0 0 0
67 8 4 3 0 0
69 2 1 1 0 0
71 2 0 0 0 0
72 1 0 0 0 0
78 8 0 0 0 0
82 8 0 0 0 0
87 2 1 0 0 0
88 3 0 0 0 0
90 2 1 0 0 0
97 8 0 0 0 0
fl=./elf/./elf/dl-hwcaps.c
fn=_dl_important_hwcaps
52 16 4 2 0 0
54 2 0 0 0 0
55 4 0 0 0 0
56 2 0 0 0 0
57 2 0 0 0 0
77 16 4 2 0 0
79 3 0 0 0 0
80 16 0 0 0 0
84 2 0 0 0 0
86 6 0 0 0 0
87 2 0 0 0 0
88 2 0 0 0 0
100 5 0 0 0 0
102 3 1 0 0 0
105 1 0 0 0 0
108 2 0 0 0 0
112 4 1 0 0 0
125 12 3 2 0 0
127 10 0 0 0 0
128 4 0 0 0 0
129 4 0 0 0 0
130 2 0 0 0 0
133 3 1 0 0 0
142 13 2 0 0 0
143 11 1 1 0 0
145 8 0 0 0 0
151 5 0 0 0 0
155 4 0 0 0 0
156 3 1 1 0 0
157 3 1 0 0 0
161 1 0 0 0 0
162 2 0 0 0 0
163 2 0 0 0 0
172 14 0 0 0 0
174 2 0 0 0 0
175 3 0 0 0 0
185 2 0 0 0 0
186 3 0 0 0 0
189 2 0 0 0 0
193 2 0 0 0 0
194 2 1 0 0 0
201 1 0 0 0 0
202 3 0 0 0 0
209 1 0 0 0 0
213 3 0 0 0 0
216 9 0 0 0 0
fl=./elf/./elf/dl-hwcaps_split.c
fn=_dl_hwcaps_split
25 4 0 0 0 0
26 3 1 1 0 0
27 1 0 0 0 0
47 4 0 0 0 0
fn=_dl_hwcaps_split_masked
26 44 11 9 0 0
30 24 0 0 0 0
34 78 18 6 0 0
35 12 0 0 0 0
36 24 12 3 0 0
41 36 0 0 0 0
42 18 9 2 0 0
43 12 0 0 0 0
45 6 0 0 0 0
51 77 0 0 0 0
55 5 0 0 0 0
56 18 0 0 0 0
57 27 0 0 0 0
58 24 9 4 0 0
60 6 0 0 0 0
62 66 0 0 0 0
67 12 6 3 0 0
fl=./elf/./elf/dl-init.c
fn=_dl_init
30 10 5 1 0 0
36 25 5 0 0 0
38 24 5 1 0 0
97 12 0 0 0 0
98 1 0 0 0 0
99 1 0 0 0 0
102 3 1 1 0 0
105 2 0 0 0 0
110 4 1 0 0 0
135 1 0 0 0 0
136 20 5 2 0 0
137 8 0 0 0 0
143 8 0 0 0 0
fn=call_init.part.0
27 36 0 0 0 0
44 4 0 0 0 0
58 8 0 0 0 0
59 4 0 0 0 0
62 12 4 1 0 0
63 2 1 1 0 0
67 6 3 0 0 0
75 9 3 2 0 0
76 6 0 0 1 1
79 3 0 0 0 0
80 6 3 1 0 0
86 6 0 0 0 0
88 4 0 0 0 0
89 22 5 1 0 0
90 12 0 0 3 3
92 24 0 0 0 0
fl=./elf/./elf/dl-load.c
fn=_dl_dst_count
238 12 0 0 0 0
241 4 0 0 0 0
244 4 2 0 0 0
245 2 0 0 0 0
264 14 0 0 0 0
fn=_dl_init_paths
706 13 0 0 0 0
720 4 0 0 0 0
725 1 0 0 0 0
727 3 1 0 0 0
734 3 0 0 0 0
735 2 0 0 0 0
739 4 0 0 0 0
741 4 1 0 0 0
747 1 0 0 0 0
748 1 0 0 0 0
756 9 0 0 0 0
758 8 0 0 0 0
759 4 0 0 0 0
761 5 0 0 0 0
762 7 0 0 0 0
763 4 0 0 0 0
766 12 3 0 0 0
767 9 4 3 0 0
768 18 0 0 0 0
770 29 4 1 0 0
776 1 0 0 0 0
777 1 0 0 0 0
782 1 0 0 0 0
785 3 0 0 0 0
787 4 1 0 0 0
789 3 1 1 0 0
806 1 0 0 0 0
808 3 1 1 0 0
822 2 0 0 0 0
825 5 2 1 0 0
827 23 2 2 0 0
831 2 0 0 0 0
832 60 15 10 0 0
833 14 0 0 0 0
834 28 0 0 0 0
836 1 0 0 0 0
837 1 0 0 0 0
838 2 1 0 0 0
844 6 0 0 0 0
847 3 1 0 0 0
853 1 0 0 0 0
857 8 0 0 0 0
fn=_dl_map_object
682 10 3 3 0 0
692 5 0 0 0 0
696 7 0 0 0 0
1964 33 0 0 0 0
1966 2 0 0 0 0
1972 6 3 0 0 0
1973 12 3 0 0 0
1976 48 9 2 0 0
1981 49 7 0 0 0
1983 35 7 1 0 0
1987 12 6 0 0 0
1988 18 6 4 0 0
1991 10 2 2 0 0
1992 6 0 0 0 0
1993 10 2 2 0 0
2007 8 2 0 0 0
2008 6 0 0 0 0
2016 6 2 0 0 0
2031 2 0 0 0 0
2033 10 2 1 0 0
2037 4 0 0 0 0
2039 2 1 0 0 0
2046 4 2 1 0 0
2050 1 0 0 0 0
2051 1 0 0 0 0
2055 3 1 1 0 0
2056 1 0 0 0 0
2070 2 1 0 0 0
2071 7 2 1 0 0
2072 1 0 0 0 0
2081 2 1 1 0 0
2096 2 1 0 0 0
2097 16 1 1 0 0
2103 3 1 1 0 0
2104 1 0 0 0 0
2112 1 0 0 0 0
2126 2 1 0 0 0
2128 3 1 1 0 0
2132 3 0 0 0 0
2134 2 1 0 0 0
2138 2 1 0 0 0
2146 2 1 0 0 0
2169 9 0 0 0 0
2173 3 1 0 0 0
2174 1 0 0 0 0
2191 2 1 1 0 0
2197 1 0 0 0 0
2198 4 0 0 0 0
2199 2 1 0 0 0
2200 2 1 0 0 0
2204 9 0 0 0 0
2207 3 1 0 0 0
2219 8 0 0 0 0
2264 4 0 0 0 0
2265 34 0 0 0 0
2267 29 0 0 0 0
fn=_dl_map_object_from_fd
944 28 0 0 0 0
959 8 2 2 0 0
989 29 7 4 0 0
990 10 5 0 0 0
1008 4 2 2 0 0
1036 8 2 1 0 0
1046 4 2 0 0 0
1053 16 0 0 0 0
1054 4 2 0 0 0
1065 4 0 0 0 0
1066 6 0 0 0 0
1067 4 0 0 0 0
1069 6 0 0 0 0
1070 8 2 1 0 0
1071 2 0 0 0 0
1074 17 2 2 0 0
1075 6 1 1 0 0
1086 2 0 0 0 0
1088 2 0 0 0 0
1090 44 4 2 0 0
1091 2 0 0 0 0
1092 2 0 0 0 0
1093 2 0 0 0 0
1094 2 0 0 0 0
1100 87 27 0 0 0
1101 213 106 28 0 0
1107 4 2 0 0 0
1114 5 0 0 0 0
1115 6 0 0 0 0
1116 20 0 0 0 0
1121 2 0 0 0 0
1122 1 0 0 0 0
1127 62 8 0 0 0
1135 40 0 0 0 0
1136 52 0 0 0 0
1137 40 0 0 0 0
1138 8 0 0 0 0
1139 16 0 0 0 0
1141 56 0 0 0 0
1143 16 0 0 0 0
1156 16 8 2 0 0
1157 30 0 0 0 0
1162 8 0 0 0 0
1163 82 0 0 0 0
1176 3 1 0 0 0
1180 4 0 0 0 0
1181 1 0 0 0 0
1185 5 0 0 0 0
1186 2 0 0 0 0
1189 1 0 0 0 0
1194 4 1 1 0 0
1209 4 0 0 0 0
1210 2 0 0 0 0
1213 6 0 0 0 0
1218 14 2 0 0 0
1228 38 8 6 0 0
1229 16 0 0 0 0
1235 4 2 0 0 0
1245 8 4 0 0 0
1252 14 0 0 0 0
1264 2 0 0 0 0
1268 8 2 0 0 0
1269 6 0 0 0 0
1275 6 0 0 0 0
1276 4 2 2 0 0
1278 4 2 2 0 0
1288 6 2 0 0 0
1307 6 0 0 0 0
1309 12 2 0 0 0
1361 6 2 1 0 0
1362 2 0 0 0 0
1368 70 27 2 0 0
1369 117 46 24 0 0
1375 33 0 0 0 0
1380 8 2 0 0 0
1393 4 2 0 0 0
1395 8 0 0 0 0
1397 4 2 0 0 0
1413 4 0 0 0 0
1417 4 2 0 0 0
1418 4 2 0 0 0
1435 4 2 1 0 0
1436 1 0 0 0 0
1439 4 0 0 0 0
1444 4 2 0 0 0
1454 4 2 0 0 0
1461 16 2 2 0 0
1462 6 2 1 0 0
1463 9 2 1 0 0
1464 3 0 0 0 0
1465 5 0 0 0 0
1471 4 2 2 0 0
1472 4 1 0 0 0
1477 2 0 0 0 0
1484 6 0 0 0 0
1487 4 2 0 0 0
1491 6 0 0 0 0
1492 6 2 0 0 0
1510 4 2 0 0 0
1514 14 2 0 0 0
1515 8 0 0 0 0
1519 18 0 0 0 0
fn=_dl_process_pt_gnu_property
868 6 0 0 0 0
869 6 0 0 0 0
870 3 0 0 0 0
876 6 3 0 0 0
882 15 3 0 0 0
885 9 3 0 0 0
886 6 3 0 0 0
887 6 3 0 0 0
930 3 0 0 0 0
fn=expand_dynamic_string_token
241 6 0 0 0 0
244 4 2 0 0 0
385 18 0 0 0 0
399 4 0 0 0 0
410 14 0 0 0 0
fn=fillin_rpath.isra.0
468 16 0 0 0 0
472 1 0 0 0 0
474 12 2 1 0 0
481 2 1 0 0 0
483 5 0 0 0 0
487 2 1 0 0 0
492 3 0 0 0 0
493 2 1 1 0 0
500 5 2 2 0 0
505 3 0 0 0 0
509 15 5 2 0 0
510 8 4 4 0 0
528 4 1 1 0 0
532 4 0 0 0 0
534 2 1 0 0 0
538 1 0 0 0 0
539 2 0 0 0 0
540 4 0 0 0 0
541 1 0 0 0 0
543 2 1 1 0 0
549 4 0 0 0 0
550 14 4 1 0 0
551 4 0 0 0 0
553 2 0 0 0 0
554 3 1 1 0 0
555 1 0 0 0 0
561 2 0 0 0 0
562 1 0 0 0 0
565 3 0 0 0 0
571 1 0 0 0 0
574 8 0 0 0 0
fn=open_path
1812 11 0 0 0 0
1813 2 0 0 0 0
1816 1 0 0 0 0
1817 1 0 0 0 0
1819 2 1 0 0 0
1822 2 0 0 0 0
1824 22 2 2 0 0
1827 2 0 0 0 0
1831 1 0 0 0 0
1836 6 1 0 0 0
1843 6 0 0 0 0
1844 22 5 1 0 0
1847 6 3 0 0 0
1852 33 0 0 0 0
1855 6 0 0 0 0
1861 9 3 0 0 0
1864 24 0 0 0 0
1866 9 3 0 0 0
1868 6 3 2 0 0
1873 6 3 0 0 0
1874 21 3 2 0 0
1880 9 0 0 0 0
1882 20 3 2 0 0
1883 2 0 0 0 0
1885 3 0 0 0 0
1892 14 0 0 0 0
1894 4 0 0 0 0
1933 7 2 0 0 0
1938 1 0 0 0 0
1940 4 1 1 0 0
1943 3 1 0 0 0
1957 9 0 0 0 0
fn=open_verify.constprop.0
1572 60 0 0 0 0
1604 15 5 0 0 0
1609 6 0 0 0 0
1623 25 0 0 0 0
1625 10 5 2 0 0
1633 2 0 0 0 0
1634 6 0 0 0 0
1639 12 0 0 0 0
1641 4 2 0 0 0
1643 4 0 0 0 0
1645 4 2 0 0 0
1651 4 2 0 0 0
1668 29 9 4 0 0
1749 4 2 0 0 0
1754 4 2 0 0 0
1760 8 2 0 0 0
1766 4 2 0 0 0
1772 8 0 0 0 0
1773 8 2 1 0 0
1777 16 2 2 0 0
1778 5 1 1 0 0
1799 45 0 0 0 0
fl=./elf/./elf/dl-lookup-direct.c
fn=_dl_lookup_direct
32 15 3 3 0 0
33 9 0 0 0 0
35 6 0 0 0 0
36 6 3 1 0 0
48 9 3 0 0 0
51 6 0 0 0 0
53 18 3 0 0 0
57 6 0 0 0 0
58 21 3 0 0 0
59 15 3 0 0 0
74 36 0 0 0 0
76 6 3 0 0 0
78 21 0 0 0 0
79 6 3 1 0 0
81 12 0 0 0 0
84 25 5 2 0 0
86 12 0 0 0 0
93 6 2 2 0 0
115 3 0 0 0 0
116 27 0 0 0 0
fl=./elf/./elf/dl-lookup.c
fn=_dl_lookup_symbol_x
773 1162 0 0 0 0
775 166 0 0 0 0
776 166 0 0 0 0
779 83 0 0 0 0
783 314 157 9 0 0
786 166 83 0 0 0
788 166 0 0 0 0
792 1197 90 2 0 0
793 1411 83 2 0 0
798 415 83 2 0 0
800 42 14 2 0 0
817 83 0 0 0 0
818 21 0 0 0 0
821 166 0 0 0 0
822 516 148 5 0 0
829 76 0 0 0 0
857 304 76 0 0 0
871 228 76 1 0 0
872 2 0 0 0 0
874 152 76 0 0 0
891 76 0 0 0 0
893 747 0 0 0 0
fn=check_match
71 1014 0 0 0 0
74 546 80 2 0 0
79 4 0 0 0 0
87 380 76 0 0 0
90 248 92 12 0 0
94 76 0 0 0 0
95 152 76 7 0 0
97 148 74 0 0 0
116 148 0 0 0 0
117 592 74 7 0 0
118 370 74 7 0 0
145 4 2 0 0 0
147 12 2 2 0 0
148 8 0 0 0 0
162 76 0 0 0 0
163 468 0 0 0 0
fn=do_lookup_x
194 836 0 0 0 0
348 1162 0 0 0 0
349 83 0 0 0 0
354 83 0 0 0 0
355 83 0 0 0 0
359 530 0 0 0 0
362 530 265 2 0 0
366 696 265 15 0 0
387 530 265 14 0 0
391 530 265 12 0 0
397 795 265 0 0 0
401 265 0 0 0 0
402 265 0 0 0 0
405 1325 265 4 0 0
406 795 0 0 0 0
409 265 0 0 0 0
410 530 265 0 0 0
412 265 0 0 0 0
413 249 0 0 0 0
414 530 0 0 0 0
416 498 0 0 0 0
417 1060 0 0 0 0
420 1855 265 86 0 0
423 162 0 0 0 0
424 243 0 0 0 0
425 162 81 0 0 0
427 162 0 0 0 0
430 905 181 71 0 0
432 234 0 0 0 0
433 2145 0 0 0 0
434 156 0 0 0 0
437 234 78 7 0 0
440 319 105 4 0 0
449 50 0 0 0 0
471 10 5 4 0 0
477 152 76 0 0 0
484 592 220 4 0 0
488 12 4 2 0 0
500 152 0 0 0 0
501 76 0 0 0 0
502 76 0 0 0 0
519 567 189 7 0 0
522 14 0 0 0 0
523 664 0 0 0 0
fl=./elf/./elf/dl-minimal-malloc.c
fn=__minimal_calloc
78 40 0 0 0 0
82 8 0 0 0 0
85 8 0 0 0 0
86 24 8 8 0 0
fn=__minimal_free
95 1 0 0 0 0
97 4 1 0 0 0
fn=__minimal_malloc
35 120 0 0 0 0
36 72 24 1 0 0
41 3 0 0 0 0
42 2 0 0 0 0
43 2 0 0 0 0
47 95 0 0 0 0
50 160 46 7 0 0
55 8 0 0 0 0
56 8 2 0 0 0
58 2 0 0 0 0
59 16 0 0 0 0
61 4 2 0 0 0
63 4 2 0 0 0
65 6 0 0 0 0
68 24 0 0 0 0
69 26 0 0 0 0
71 96 0 0 0 0
fl=./elf/./elf/dl-minimal.c
fn=__rtld_malloc_init_real
76 8 0 0 0 0
86 2 0 0 0 0
87 1 0 0 0 0
89 1 0 0 0 0
91 6 0 0 0 0
92 5 0 0 0 0
93 5 0 0 0 0
94 4 0 0 0 0
99 1 0 0 0 0
100 1 0 0 0 0
101 1 0 0 0 0
102 1 0 0 0 0
103 7 0 0 0 0
fn=__rtld_malloc_init_stubs
42 1 0 0 0 0
43 2 0 0 0 0
44 2 0 0 0 0
45 2 0 0 0 0
46 2 0 0 0 0
47 1 0 0 0 0
fn=lookup_malloc_symbol
61 28 0 0 0 0
63 4 0 0 0 0
64 28 0 0 0 0
68 28 4 0 0 0
69 28 4 0 0 0
71 4 0 0 0 0
72 20 0 0 0 0
fn=strsep
239 2 0 0 0 0
242 4 2 0 0 0
244 2 0 0 0 0
245 4 2 1 0 0
247 2 0 0 0 0
249 47 15 4 0 0
251 28 0 0 0 0
254 56 28 7 0 0
256 84 28 3 0 0
264 14 0 0 0 0
267 1 0 0 0 0
271 4 0 0 0 0
fl=./elf/./elf/dl-misc.c
fn=_dl_name_match_p
68 84 0 0 0 0
69 56 14 0 0 0
70 3 0 0 0 0
72 14 0 0 0 0
74 58 29 20 0 0
75 90 18 7 0 0
80 15 0 0 0 0
82 11 0 0 0 0
83 56 0 0 0 0
fn=_dl_sysdep_read_whole_file
36 9 0 0 0 0
39 3 0 0 0 0
40 2 1 1 0 0
42 6 1 0 0 0
44 2 0 0 0 0
47 2 1 1 0 0
49 8 0 0 0 0
60 3 0 0 0 0
63 7 0 0 0 0
fl=./elf/./elf/dl-object.c
fn=_dl_add_to_namespace_list
31 18 0 0 0 0
33 9 0 0 3 1
35 26 3 1 0 0
38 20 5 3 0 0
40 2 0 0 0 0
42 2 0 0 0 0
45 2 0 0 0 0
46 9 0 0 0 0
47 6 0 0 0 0
48 6 0 0 0 0
50 6 0 0 3 1
51 9 0 0 0 0
fn=_dl_new_object
59 42 0 0 0 0
62 6 3 1 0 0
64 2 1 1 0 0
66 3 1 0 0 0
67 2 1 0 0 0
71 6 0 0 0 0
77 2 0 0 0 0
80 4 0 0 0 0
83 11 0 0 0 0
87 4 0 0 0 0
92 2 0 0 0 0
95 6 3 0 0 0
98 3 0 0 0 0
99 3 0 0 0 0
100 6 0 0 0 0
103 6 0 0 0 0
104 21 0 0 0 0
106 3 0 0 0 0
119 10 5 3 0 0
123 2 0 0 0 0
125 1 0 0 0 0
127 21 0 0 0 0
130 6 3 3 0 0
131 6 0 0 0 0
132 3 0 0 0 0
136 3 0 0 0 0
139 34 12 9 0 0
141 20 1 1 0 0
149 6 0 0 0 0
150 3 0 0 0 0
153 1 0 0 0 0
155 18 3 1 0 0
157 8 0 0 0 0
160 8 3 0 0 0
164 8 2 0 0 0
168 14 4 4 0 0
176 1 0 0 0 0
179 6 0 0 0 0
189 9 3 1 0 0
191 10 0 0 0 0
195 6 2 0 0 0
199 4 0 0 0 0
200 4 2 0 0 0
208 2 0 0 0 0
212 2 0 0 0 0
245 8 0 0 0 0
250 84 0 0 0 0
251 84 42 14 0 0
255 4 0 0 0 0
256 2 0 0 0 0
259 2 0 0 0 0
263 27 0 0 0 0
fl=./elf/./elf/dl-reloc.c
fn=_dl_relocate_object
170 404 101 6 0 0
171 168 84 2 0 0
174 858 161 12 0 0
175 84 35 2 0 0
177 7 0 0 0 0
178 28 0 0 0 0
182 154 77 1 0 0
183 77 0 0 0 0
184 77 0 0 0 0
186 622 77 6 0 0
187 355 0 0 0 0
188 142 71 0 0 0
190 594 3 0 0 0
193 77 0 0 0 0
194 539 0 0 0 0
196 7 0 0 0 0
207 52 0 0 0 0
217 6 0 0 0 0
218 12 0 0 0 0
221 4 0 0 0 0
223 12 4 0 0 0
225 4 0 0 0 0
226 12 4 4 0 0
245 8 4 0 0 0
251 20 4 4 0 0
252 8 4 3 0 0
253 1 0 0 0 0
255 8 4 0 0 0
262 12 4 1 0 0
301 9993 3471 410 0 0
304 32 4 0 0 0
328 4 0 0 0 0
331 8 4 0 0 0
348 12 4 4 0 0
350 32 0 0 0 0
356 24 0 0 0 0
359 8 0 0 0 0
363 8 4 0 0 0
364 24 4 3 0 0
fl=./elf/./elf/dl-runtime.c
fn=_dl_fixup
46 18 0 0 0 0
48 10 2 2 0 0
49 6 0 0 0 0
54 2 0 0 0 0
55 8 0 0 0 0
56 14 0 0 0 0
58 4 0 0 0 0
63 4 2 0 0 0
67 4 2 1 0 0
69 2 0 0 0 0
71 6 2 0 0 0
75 6 0 0 0 0
76 8 0 0 0 0
77 6 2 2 0 0
84 2 0 0 0 0
85 6 2 2 0 0
95 22 0 0 0 0
99 10 2 0 0 0
109 20 4 0 0 0
124 8 2 0 0 0
133 6 2 0 0 0
159 6 2 0 0 0
163 14 0 0 0 0
fl=./elf/./elf/dl-setup_hash.c
fn=_dl_setup_hash
25 8 0 0 0 0
28 12 4 0 0 0
31 12 4 0 0 0
32 8 0 0 0 0
33 4 0 0 0 0
34 4 0 0 0 0
36 12 4 0 0 0
37 4 0 0 0 0
38 12 0 0 0 0
40 4 0 0 0 0
41 8 0 0 0 0
43 4 0 0 0 0
45 12 0 0 0 0
50 4 0 0 0 0
fl=./elf/./elf/dl-sort-maps.c
fn=_dl_sort_maps
140 20 4 0 0 0
181 1 0 0 0 0
182 2 0 0 0 0
183 17 5 3 0 0
184 8 0 0 0 0
211 17 2 1 0 0
216 2 0 0 0 0
218 1 0 0 0 0
219 5 0 0 0 0
221 13 3 0 0 0
223 4 0 0 0 0
226 12 4 4 0 0
244 4 1 1 0 0
257 1 0 0 0 0
264 3 0 0 0 0
277 4 2 1 0 0
299 13 0 0 0 0
307 3 1 1 0 0
311 9 0 0 0 0
fn=_dl_sort_maps_init
290 2 0 0 0 0
291 4 0 0 0 0
292 1 0 0 0 0
293 3 0 0 0 0
294 2 0 0 0 0
fn=dfs_traversal.part.0
135 32 0 0 0 0
140 6 3 0 0 0
143 4 0 0 0 0
145 12 4 2 0 0
147 20 5 1 0 0
156 8 4 0 0 0
171 12 0 0 0 0
172 4 0 0 0 0
173 24 0 0 0 0
fl=./elf/./elf/dl-tunables.c
fn=__GI___tunable_set_val
96 40 5 0 0 0
105 5 0 0 0 0
106 20 5 0 0 0
107 25 5 0 0 0
113 35 0 0 0 0
117 10 5 2 0 0
124 10 5 0 0 0
125 10 5 2 0 0
128 25 0 0 0 0
129 5 0 0 0 0
130 5 0 0 0 0
131 5 0 0 0 0
151 20 0 0 0 0
155 10 0 0 0 0
fn=__GI___tunables_init
65 430 172 1 0 0
68 255 0 0 0 0
71 8456 2416 99 0 0
75 170 85 0 0 0
80 510 0 0 0 0
265 3 1 0 0 0
274 9 0 0 0 0
295 13260 3315 85 0 0
297 5 0 0 0 0
301 18275 6630 934 0 0
313 340 0 0 0 0
347 8 0 0 0 0
fn=__tunable_get_val
395 22 0 0 0 0
398 236 30 13 0 0
407 32 0 0 0 0
408 10 0 0 0 0
417 12 0 0 0 0
424 132 22 20 0 0
426 22 0 0 0 0
fl=./elf/./elf/dl-tunables.h
fn=__GI___tunable_set_val
109 10 5 3 0 0
110 20 5 3 0 0
119 5 0 0 0 0
fn=__GI___tunables_init
128 3266 91 8 0 0
129 3950 1034 93 0 0
fl=./elf/./elf/dl-version.c
fn=_dl_check_all_versions
392 6 0 0 0 0
394 2 0 0 0 0
396 17 5 3 0 0
397 4 0 0 0 0
398 36 4 4 0 0
401 7 0 0 0 0
fn=_dl_check_map_versions
36 24 7 2 0 0
37 5 0 0 0 0
38 35 7 4 0 0
56 20 5 5 0 0
64 15 5 0 0 0
70 15 5 0 0 0
86 5 0 0 0 0
87 10 5 0 0 0
89 5 0 0 0 0
94 133 49 4 0 0
108 98 49 5 0 0
110 5 0 0 0 0
113 35 5 0 0 0
120 132 44 0 0 0
124 44 0 0 0 0
155 36 0 0 0 0
156 4 0 0 0 0
164 6 0 0 0 0
170 12 4 0 0 0
172 16 4 0 0 0
174 4 0 0 0 0
175 4 0 0 0 0
177 8 4 2 0 0
180 6 0 0 0 0
184 12 2 0 0 0
200 6 0 0 0 0
208 6 2 0 0 0
213 6 0 0 0 0
215 3 0 0 0 0
217 15 0 0 0 0
218 40 5 3 0 0
221 10 0 0 0 0
224 20 5 4 0 0
228 4 0 0 0 0
231 20 0 0 0 0
234 15 5 2 0 0
239 3 0 0 0 0
243 6 2 2 0 0
257 15 4 2 0 0
260 4 0 0 0 0
263 194 0 0 0 0
266 145 47 15 0 0
270 45 0 0 0 0
274 9 3 1 0 0
279 3 0 0 0 0
280 12 0 0 0 0
281 9 3 0 0 0
291 3 0 0 0 0
294 17 3 0 0 0
296 6 3 1 0 0
299 8 0 0 0 0
303 6 0 0 0 0
306 15 0 0 0 0
308 20 5 5 0 0
310 25 0 0 0 0
311 10 0 0 0 0
312 15 0 0 0 0
313 15 0 0 0 0
316 15 5 2 0 0
321 3 0 0 0 0
324 6 2 2 0 0
334 6 3 1 0 0
337 4 0 0 0 0
341 45 0 0 0 0
343 94 47 10 0 0
347 45 0 0 0 0
348 225 0 0 0 0
349 135 0 0 0 0
350 45 0 0 0 0
353 141 47 4 0 0
357 45 0 0 0 0
365 4 2 1 0 0
366 4 2 0 0 0
367 4 2 1 0 0
368 2 1 1 0 0
370 4 1 1 0 0
372 108 27 1 0 0
373 52 26 4 0 0
375 2 0 0 0 0
376 7 1 1 0 0
387 36 0 0 0 0
fl=./elf/./elf/do-rel.h
fn=_dl_relocate_object
49 24 0 0 0 0
50 24 0 0 0 0
51 4 0 0 0 0
53 40 0 0 0 0
72 4 0 0 0 0
73 5 0 0 0 0
80 24 8 7 0 0
83 188 61 3 0 0
85 240 60 4 0 0
87 90 45 4 0 0
88 1 0 0 0 0
89 45 0 0 0 0
96 6 0 0 0 0
97 146 47 29 0 0
98 90 45 0 0 0
114 21 0 0 0 0
123 34 13 9 0 0
124 12 0 0 0 0
126 21 7 2 0 0
129 20 5 0 0 0
131 413 100 10 0 0
133 475 0 0 0 0
134 380 0 0 0 0
135 285 0 0 0 0
136 380 0 0 0 0
138 285 95 2 0 0
141 8 0 0 0 0
142 2 0 0 0 0
143 2 0 0 0 0
147 93 0 0 0 0
150 295 93 1 0 0
151 3 1 1 0 0
164 6 3 1 0 0
165 28 4 0 0 0
166 6 2 0 0 0
169 6 0 0 0 0
171 8 0 0 0 0
172 2 0 0 0 0
173 4 0 0 0 0
180 31 8 6 0 0
182 42 0 0 0 0
183 12 0 0 0 0
185 18 6 1 0 0
193 6 0 0 0 0
196 18 6 0 0 0
211 7 1 1 0 0
fn=_dl_start
49 6 0 0 0 0
50 4 0 0 0 0
51 1 0 0 0 0
53 10 0 0 0 0
56 4 2 2 0 0
61 13 5 3 0 0
63 9 0 0 0 0
64 6 0 0 0 0
65 3 0 0 0 0
fl=./elf/./elf/get-dynamic-info.h
fn=_dl_map_object_from_fd
39 4 2 0 0 0
43 2 0 0 0 0
45 178 45 2 0 0
49 86 43 22 0 0
54 38 9 5 0 0
55 25 0 0 0 0
56 10 2 2 0 0
58 2 0 0 0 0
59 10 2 2 0 0
62 8 2 0 0 0
64 8 0 0 0 0
68 43 0 0 0 0
72 8 4 0 0 0
84 7 2 1 0 0
85 8 2 0 0 0
86 8 2 0 0 0
87 8 2 0 0 0
88 7 2 1 0 0
89 7 2 1 0 0
90 7 2 1 0 0
91 8 2 0 0 0
103 16 4 1 0 0
110 7 2 1 0 0
115 2 1 1 0 0
122 2 1 0 0 0
123 6 2 0 0 0
129 6 2 1 0 0
130 3 1 0 0 0
147 6 2 1 0 0
152 2 0 0 0 0
154 2 1 1 0 0
156 2 1 1 0 0
158 2 1 0 0 0
162 6 2 1 0 0
164 3 0 0 0 0
165 2 1 0 0 0
174 2 0 0 0 0
175 3 1 1 0 0
180 2 1 0 0 0
184 4 2 2 0 0
fl=./elf/./elf/libc_early_init.c
fn=__libc_early_init
33 7 0 0 0 0
35 1 0 0 0 0
38 2 0 0 0 0
41 2 0 0 0 0
47 4 1 0 0 0
49 2 0 0 0 0
fl=./elf/./elf/rtld.c
fn=_dl_start
85 8 0 0 0 0
458 2 0 0 0 0
476 3 0 0 0 0
477 1 0 0 0 0
478 2 0 0 0 0
488 1 0 0 0 0
494 4 0 0 0 0
496 2 1 0 0 0
517 16 0 0 0 0
543 1 0 0 0 0
546 2 0 0 0 0
547 1 0 0 0 0
563 124 31 10 0 0
565 1 0 0 0 0
578 1 0 0 0 0
585 9 0 0 0 0
fn=dl_main
85 16 0 0 0 0
92 12 0 0 0 0
93 2 0 0 0 0
101 8 0 0 0 0
197 2 0 0 0 0
199 1 0 0 0 0
224 3 0 0 0 0
225 5 1 1 0 0
226 4 2 1 0 0
296 3 0 0 0 0
302 1 0 0 0 0
303 2 0 0 0 0
837 1 0 0 0 0
839 1 0 0 0 0
848 1 0 0 0 0
850 1 0 0 0 0
855 1 0 0 0 0
1115 1 0 0 0 0
1116 1 0 0 0 0
1118 1 0 0 0 0
1122 3 0 0 0 0
1124 1 0 0 0 0
1125 1 0 0 0 0
1140 1 0 0 0 0
1143 46 14 9 0 0
1144 117 29 8 9 5
1148 3 0 0 0 0
1153 3 0 0 0 0
1154 9 0 0 0 0
1163 2 0 0 0 0
1164 2 0 0 0 0
1166 1 0 0 0 0
1173 3 1 0 0 0
1191 2 0 0 0 0
1199 8 0 0 0 0
1200 17 0 0 0 0
1201 8 4 3 0 0
1202 1 0 0 0 0
1204 12 0 0 0 0
1205 14 7 3 0 0
1209 8 0 0 0 0
1210 8 4 0 0 0
1211 4 0 0 0 0
1215 12 0 0 0 0
1243 2 0 0 0 0
1247 3 0 0 0 0
1253 28 13 1 0 0
1254 61 24 12 0 0
1260 17 0 0 0 0
1266 4 1 1 0 0
1269 3 1 1 0 0
1271 3 1 0 0 0
1346 13 0 0 0 0
1351 1 0 0 0 0
1357 1 0 0 0 0
1373 3 0 0 0 0
1374 4 1 1 0 0
1637 10 0 0 0 0
1639 2 1 0 0 0
1640 3 0 0 0 0
1641 2 0 0 0 0
1642 3 0 0 0 0
1646 2 0 0 0 0
1647 2 1 0 0 0
1672 3 1 0 0 0
1673 5 1 0 0 0
1674 3 0 0 0 0
1675 3 0 0 0 0
1678 1 0 0 0 0
1680 1 0 0 0 0
1681 1 0 0 0 0
1683 2 1 0 0 0
1684 2 0 0 0 0
1688 2 1 1 0 0
1690 2 1 0 0 0
1698 4 1 1 0 0
1705 2 0 0 0 0
1708 2 1 0 0 0
1733 4 0 0 0 0
1735 1 0 0 0 0
1740 2 1 1 0 0
1743 4 0 0 0 0
1744 4 0 0 0 0
1745 3 0 0 0 0
1746 1 0 0 0 0
1747 1 0 0 0 0
1748 1 0 0 0 0
1759 2 1 0 0 0
1760 2 1 0 0 0
1762 2 0 0 0 0
1764 1 0 0 0 0
1765 3 0 0 0 0
1770 5 1 1 0 0
1771 5 1 1 0 0
1773 3 0 0 0 0
1779 2 1 1 0 0
1788 2 1 0 0 0
1792 1 0 0 0 0
1793 2 1 0 0 0
1817 2 0 0 0 0
1823 1 0 0 0 0
1824 1 0 0 0 0
1825 1 0 0 0 0
1829 3 0 0 0 0
1834 3 1 0 0 0
1836 1 0 0 0 0
1838 2 1 1 0 0
1842 5 0 0 0 0
1847 2 1 0 0 0
1863 6 1 1 0 0
1939 4 1 1 0 0
1943 19 2 1 0 0
1944 1 0 0 0 0
1947 3 0 0 0 0
1948 1 0 0 0 0
1949 2 1 0 0 0
1950 2 1 0 0 0
1955 3 1 1 0 0
1965 9 0 0 0 0
1971 19 5 3 0 0
1972 12 0 0 0 0
1975 3 0 0 0 0
1976 2 1 0 0 0
1977 1 0 0 0 0
1979 14 3 0 0 0
1980 6 3 2 0 0
1984 2 1 0 0 0
1990 1 0 0 0 0
1992 3 0 0 0 0
1993 2 1 0 0 0
1995 2 0 0 0 0
1997 3 1 1 0 0
1999 3 0 0 0 0
2000 1 0 0 0 0
2001 2 1 1 0 0
2013 2 1 0 0 0
2014 2 0 0 0 0
2015 3 1 1 0 0
2026 5 0 0 0 0
2027 4 0 0 0 0
2028 4 0 0 0 0
2038 1 0 0 0 0
2039 2 1 1 0 0
2040 4 0 0 0 0
2042 2 1 0 0 0
2047 3 1 0 0 0
2246 3 0 0 0 0
2250 3 0 0 0 0
2256 2 0 0 0 0
2259 2 1 0 0 0
2267 2 0 0 0 0
2278 3 0 0 0 0
2281 1 0 0 0 0
2286 1 0 0 0 0
2287 27 5 2 0 0
2289 8 0 0 0 0
2294 8 0 0 0 0
2296 10 5 2 0 0
2298 1 0 0 0 0
2299 1 0 0 0 0
2302 4 0 0 0 0
2304 8 4 1 0 0
2305 24 0 0 0 0
2309 10 5 3 0 0
2310 3 0 0 0 0
2319 2 1 0 0 0
2323 4 2 0 0 0
2325 1 0 0 0 0
2332 4 0 0 0 0
2335 2 1 1 0 0
2339 3 1 0 0 0
2341 2 1 1 0 0
2351 1 0 0 0 0
2356 3 0 0 0 0
2359 1 0 0 0 0
2365 1 0 0 0 0
2366 5 0 0 0 0
2374 3 0 0 0 0
2381 1 0 0 0 0
2384 3 0 0 0 0
2388 3 0 0 0 0
2389 1 0 0 0 0
2390 1 0 0 0 0
2391 1 0 0 0 0
2395 1 0 0 0 0
2400 8 0 0 0 0
2533 2 0 0 0 0
2535 1 0 0 0 0
2539 6 0 0 0 0
2541 18 3 1 0 0
2543 2 0 0 0 0
2545 107 40 10 0 0
2546 19 0 0 0 0
2554 13 2 0 2 2
2575 2 1 0 0 0
2582 4 2 1 0 0
2584 2 0 0 0 0
2585 1 0 0 0 0
2621 3 1 0 0 0
2622 5 2 1 0 0
2624 2 0 0 0 0
2625 2 0 0 0 0
2626 1 0 0 0 0
2663 4 1 0 0 0
2682 4 1 0 0 0
fn=handle_preload_list
183 3 1 0 0 0
806 1 0 0 0 0
810 2 0 0 0 0
811 1 0 0 0 0
812 1 0 0 0 0
814 1 0 0 0 0
816 6 0 0 0 0
817 3 1 0 0 0
825 3 0 0 0 0
869 11 0 0 0 0
870 2 0 0 0 0
874 7 2 0 0 0
877 4 0 0 0 0
878 3 1 1 0 0
880 4 0 0 0 0
881 2 0 0 0 0
887 1 0 0 0 0
889 2 0 0 0 0
891 2 1 0 0 0
892 1 0 0 0 0
895 9 0 0 0 0
fn=init_tls
734 3 0 0 0 0
736 2 0 0 0 0
740 3 1 0 0 0
746 2 0 0 0 0
749 1 0 0 0 0
750 1 0 0 0 0
751 1 0 0 0 0
755 1 0 0 0 0
757 1 0 0 0 0
761 2 1 0 0 0
762 2 0 0 0 0
763 12 5 3 0 0
764 4 0 0 0 0
765 8 4 3 0 0
769 3 0 0 0 0
771 1 0 0 0 0
773 3 1 0 0 0
776 2 0 0 0 0
779 1 0 0 0 0
786 2 0 0 0 0
787 2 1 0 0 0
793 2 0 0 0 0
797 1 0 0 0 0
800 5 0 0 0 0
fn=map_doit
641 3 0 0 0 0
643 4 0 0 0 0
644 6 0 0 0 0
646 2 0 0 0 0
fn=version_check_doit
674 3 0 0 0 0
676 6 1 1 0 0
680 2 0 0 0 0
fl=./elf/./get-dynamic-info.h
fn=_dl_start
45 67 17 1 0 0
49 32 16 10 0 0
54 17 4 3 0 0
55 11 0 0 0 0
56 5 1 1 0 0
58 1 0 0 0 0
59 5 1 1 0 0
62 4 1 0 0 0
64 4 0 0 0 0
68 17 0 0 0 0
72 3 1 0 0 0
84 4 1 0 0 0
85 3 1 1 0 0
86 4 1 0 0 0
87 4 1 0 0 0
88 5 1 0 0 0
89 3 1 1 0 0
90 4 1 0 0 0
91 4 1 0 0 0
103 10 2 1 0 0
110 3 1 1 0 0
123 3 1 0 0 0
129 3 1 0 0 0
130 3 1 0 0 0
133 2 1 0 0 0
134 3 1 0 0 0
139 3 1 1 0 0
142 3 1 1 0 0
fn=dl_main
39 4 1 0 0 0
43 1 0 0 0 0
45 107 27 1 0 0
49 52 26 10 0 0
54 25 6 3 0 0
55 17 0 0 0 0
56 5 1 1 0 0
58 1 0 0 0 0
59 5 1 0 0 0
62 4 1 0 0 0
64 4 0 0 0 0
68 26 0 0 0 0
72 7 2 1 0 0
84 3 1 1 0 0
85 5 1 0 0 0
86 5 1 0 0 0
87 5 1 0 0 0
88 4 1 1 0 0
89 5 1 0 0 0
90 5 1 0 0 0
91 5 1 1 0 0
103 9 2 0 0 0
110 3 1 1 0 0
115 2 1 0 0 0
122 3 1 0 0 0
123 4 1 0 0 0
129 3 1 1 0 0
147 4 1 0 0 0
152 2 0 0 0 0
154 2 1 1 0 0
156 2 1 1 0 0
158 2 1 0 0 0
159 2 0 0 0 0
162 4 1 0 0 0
164 3 0 0 0 0
165 2 1 1 0 0
174 2 0 0 0 0
175 3 1 1 0 0
180 2 1 0 0 0
181 3 0 0 0 0
184 3 1 1 0 0
fl=./elf/./setup-vdso.h
fn=dl_main
24 2 1 1 0 0
fl=./io/../sysdeps/unix/sysv/linux/access.c
fn=access
25 1 0 0 0 0
27 7 1 1 0 0
31 1 0 0 0 0
fl=./io/../sysdeps/unix/sysv/linux/close_nocancel.c
fn=__GI___close_nocancel
25 3 0 0 0 0
26 12 3 0 0 0
27 3 0 0 0 0
fl=./io/../sysdeps/unix/sysv/linux/fstat64.c
fn=fstat
29 6 0 0 0 0
30 6 3 0 0 0
35 9 0 0 0 0
fl=./io/../sysdeps/unix/sysv/linux/fstatat64.c
fn=fstatat
99 12 0 0 0 0
154 12 0 0 0 0
168 4 0 0 0 0
169 20 6 3 0 0
170 4 0 0 0 0
fl=./io/../sysdeps/unix/sysv/linux/open64_nocancel.c
fn=__open_nocancel
28 12 0 0 0 0
31 42 12 0 0 0
39 51 6 3 0 0
41 6 0 0 0 0
fl=./io/../sysdeps/unix/sysv/linux/pread64_nocancel.c
fn=__pread64_nocancel
25 4 0 0 0 0
26 8 2 0 0 0
27 2 0 0 0 0
fl=./io/../sysdeps/unix/sysv/linux/read_nocancel.c
fn=__read_nocancel
25 2 0 0 0 0
26 8 2 0 0 0
27 2 0 0 0 0
fl=./io/../sysdeps/unix/sysv/linux/stat64.c
fn=stat
28 6 0 0 0 0
29 12 0 0 0 0
fl=./libio/./libio/genops.c
fn=_IO_cleanup
776 6 0 0 0 0
777 10 1 1 0 0
780 13 4 3 0 0
784 3 0 0 0 0
785 36 6 3 0 0
792 7 3 2 0 0
794 6 2 2 0 0
814 3 0 0 0 0
816 29 8 1 0 0
817 3 0 0 0 0
821 7 2 0 0 0
822 2 0 0 0 0
842 11 0 0 0 0
843 2 0 0 0 0
855 12 1 0 0 0
fn=_IO_flush_all
686 11 0 0 0 0
687 2 0 0 0 0
691 6 0 0 0 0
692 8 1 1 0 0
695 14 4 2 0 0
697 3 0 0 0 0
698 36 6 3 0 0
700 21 6 0 0 0
708 33 9 0 0 0
709 3 0 0 0 0
713 7 2 0 0 0
714 2 0 0 0 0
718 12 1 0 0 0
fl=./libio/./libio/libioP.h
fn=_IO_cleanup
1025 2 0 0 0 0
fn=_IO_flush_all
1025 2 0 0 0 0
fl=./libio/./libio/vtables.c
fn=check_stdfiles_vtables
545 1 0 0 0 0
546 4 1 1 0 0
547 3 1 0 0 0
548 3 1 0 0 0
550 1 0 0 0 0
fl=./malloc/./malloc/scratch_buffer_set_array_size.c
fn=__libc_scratch_buffer_set_array_size
30 20 0 0 0 0
34 2 0 0 0 0
35 4 2 2 0 0
45 4 2 2 0 0
46 2 0 0 0 0
63 8 0 0 0 0
fl=./misc/../sysdeps/unix/syscall-template.S
fn=mprotect
117 20 4 0 0 0
122 4 0 0 0 0
fn=munmap
117 5 1 0 0 0
122 1 0 0 0 0
fl=./misc/../sysdeps/unix/sysv/linux/mmap64.c
fn=mmap
47 60 0 0 0 0
50 24 12 0 0 0
53 53 19 10 0 0
58 72 12 0 0 0
60 36 0 0 0 0
fl=./misc/./misc/init-misc.c
fn=__init_misc
30 5 0 0 0 0
31 5 2 1 0 0
33 3 0 0 0 0
37 5 0 0 0 0
38 3 0 0 0 0
40 4 0 0 0 0
fl=./nptl/../sysdeps/unix/sysv/linux/x86/elision-conf.c
fn=__lll_elision_init
92 6 0 0 0 0
96 5 0 0 0 0
98 4 0 0 0 0
100 4 0 0 0 0
102 4 0 0 0 0
104 4 0 0 0 0
107 3 1 0 0 0
108 1 0 0 0 0
109 6 1 0 0 0
fl=./nptl/./nptl/libc-cleanup.c
fn=__libc_cleanup_pop_restore
54 2 0 0 0 0
55 2 0 0 0 0
57 4 0 0 0 0
59 2 0 0 0 0
60 6 2 2 0 0
71 2 0 0 0 0
fn=__libc_cleanup_push_defer
24 2 0 0 0 0
25 2 0 0 0 0
27 4 0 0 0 0
29 4 0 0 0 0
32 4 2 0 0 0
46 6 0 0 0 0
48 2 0 0 0 0
49 2 0 0 0 0
fl=./nptl/./nptl/pthread_mutex_conf.c
fn=__pthread_tunables_init
55 6 0 0 0 0
56 5 0 0 0 0
58 4 0 0 0 0
60 4 0 0 0 0
62 6 1 0 0 0
fl=./nptl/./nptl/pthread_mutex_lock.c
fn=pthread_mutex_lock@@GLIBC_2.2.5
44 1 0 0 0 0
45 7 3 0 0 0
46 1 0 0 0 0
77 3 0 0 0 0
80 3 0 0 0 0
82 1 0 0 0 0
84 2 1 0 0 0
88 2 1 1 0 0
97 2 1 0 0 0
108 4 1 0 0 0
112 1 0 0 0 0
115 2 1 1 0 0
124 1 0 0 0 0
130 3 1 0 0 0
131 2 0 0 0 0
179 1 0 0 0 0
182 1 0 0 0 0
184 1 0 0 0 0
187 1 0 0 0 0
190 3 0 0 0 0
fl=./nptl/./nptl/pthread_mutex_unlock.c
fn=pthread_mutex_unlock@@GLIBC_2.2.5
39 1 0 0 0 0
40 4 2 0 0 0
41 1 0 0 0 0
51 3 0 0 0 0
52 2 1 0 0 0
57 2 1 1 0 0
62 1 0 0 0 0
65 1 0 0 0 0
70 1 0 0 0 0
72 1 0 0 0 0
74 2 1 1 0 0
80 4 1 0 0 0
84 3 1 1 0 0
87 3 1 0 0 0
367 2 0 0 0 0
369 2 0 0 0 0
fl=./posix/../malloc/dynarray-skeleton.c
fn=__unregister_atfork
243 2 0 0 0 0
fl=./posix/../sysdeps/unix/sysv/linux/_exit.c
fn=_Exit
27 2 0 0 0 0
30 4 0 0 0 0
fl=./posix/./posix/register-atfork.c
fn=__unregister_atfork
71 4 2 2 0 0
82 6 0 0 0 0
83 8 2 1 0 0
109 8 4 0 0 0
110 4 0 0 0 0
fl=./resource/../sysdeps/unix/sysv/linux/getrlimit64.c
fn=getrlimit
38 2 0 0 0 0
39 7 1 0 0 0
40 1 0 0 0 0
fl=./setjmp/../sysdeps/x86_64/bsd-_setjmp.S
fn=_setjmp
28 1 0 0 0 0
30 1 0 0 0 0
32 1 0 0 0 0
fl=./setjmp/../sysdeps/x86_64/setjmp.S
fn=__sigsetjmp
31 4 0 0 0 0
33 4 0 0 0 0
42 4 0 0 0 0
43 8 0 0 0 0
44 4 0 0 0 0
48 4 0 0 0 0
49 4 0 0 0 0
50 4 0 0 0 0
51 4 0 0 0 0
52 4 0 0 0 0
54 8 0 0 0 0
56 4 0 0 0 0
57 4 0 0 0 0
58 4 0 0 0 0
60 8 0 0 0 0
62 4 0 0 0 0
67 1 0 0 0 0
68 1 1 1 0 0
70 3 0 0 0 0
73 3 0 0 0 0
74 3 0 0 0 0
81 3 0 0 0 0
82 3 0 0 0 0
85 1 0 0 0 0
fl=./setjmp/./setjmp/sigjmp.c
fn=__sigjmp_save
28 3 0 0 0 0
29 1 0 0 0 0
30 2 1 0 0 0
34 3 0 0 0 0
fl=./stdlib/./stdlib/cxa_atexit.c
fn=__cxa_atexit
41 2 1 0 0 0
43 8 1 0 0 0
44 2 0 0 0 0
46 2 1 0 0 0
52 3 0 0 0 0
53 1 0 0 0 0
54 1 0 0 0 0
55 1 0 0 0 0
56 1 0 0 0 0
57 4 2 0 0 0
58 1 0 0 0 0
67 6 0 0 0 0
69 6 0 0 0 0
fn=__new_exitfn
80 5 0 0 0 0
81 1 0 0 0 0
86 2 1 0 0 0
91 9 2 1 0 0
93 4 1 0 0 0
101 1 0 0 0 0
122 1 0 0 0 0
123 1 0 0 0 0
134 1 0 0 0 0
136 1 0 0 0 0
137 1 0 0 0 0
141 5 0 0 0 0
fl=./stdlib/./stdlib/cxa_finalize.c
fn=__cxa_finalize
30 18 0 0 0 0
33 14 4 1 0 0
36 14 4 2 0 0
40 14 2 0 0 0
93 14 4 0 0 0
97 12 2 2 0 0
105 4 0 0 0 0
106 8 4 0 0 0
107 16 0 0 0 0
fl=./stdlib/./stdlib/cxa_thread_atexit_impl.c
fn=__call_tls_dtors
148 4 0 0 0 0
149 4 1 1 0 0
165 4 0 0 0 0
fl=./stdlib/./stdlib/exit.c
fn=__run_exit_handlers
38 11 0 0 0 0
43 2 1 1 0 0
44 2 0 0 0 0
46 5 1 0 0 0
57 1 0 0 0 0
59 2 1 0 0 0
63 1 0 0 0 0
67 6 2 1 0 0
69 2 0 0 0 0
70 1 0 0 0 0
72 7 2 1 0 0
97 2 0 0 0 0
104 1 0 0 0 0
105 1 0 0 0 0
106 1 0 0 0 0
107 3 0 0 0 0
110 4 2 1 0 0
111 3 0 0 1 1
112 4 1 1 0 0
116 3 1 1 0 0
122 2 0 0 0 0
123 2 1 1 0 0
129 4 2 0 0 0
131 2 1 1 0 0
132 2 0 0 0 0
134 2 0 0 0 0
fn=exit
140 4 0 0 0 0
141 4 0 0 0 0
fl=./string/../include/rtld-malloc.h
fn=strdup
56 6 0 0 3 1
fl=./string/../string/strcspn.c
fn=strcspn
32 4 0 0 0 0
33 3 1 0 0 0
34 2 1 0 0 0
39 6 0 0 0 0
40 4 0 0 0 0
41 4 0 0 0 0
42 4 0 0 0 0
44 1 0 0 0 0
47 9 0 0 0 0
48 6 3 2 0 0
51 4 1 0 0 0
52 4 1 0 0 0
53 4 1 0 0 0
54 4 1 0 0 0
56 3 0 0 0 0
61 12 0 0 0 0
62 24 0 0 0 0
63 24 0 0 0 0
64 24 0 0 0 0
65 12 0 0 0 0
67 72 12 8 0 0
69 1 0 0 0 0
70 4 1 1 0 0
71 3 0 0 0 0
fl=./string/../sysdeps/x86/cacheinfo.c
fn=__x86_cacheinfo
86 1 0 0 0 0
fl=./string/../sysdeps/x86/cacheinfo.h
fn=__x86_cacheinfo
59 1 0 0 0 0
62 3 1 0 0 0
64 3 0 0 0 0
65 1 0 0 0 0
71 3 1 0 0 0
73 3 0 0 0 0
74 1 0 0 0 0
78 2 0 0 0 0
80 2 0 0 0 0
81 2 0 0 0 0
82 2 0 0 0 0
84 2 1 1 0 0
86 2 0 0 0 0
fl=./string/../sysdeps/x86_64/multiarch/../multiarch/memcmp-sse2.S
fn=bcmp
59 1 0 0 0 0
71 1 0 0 0 0
72 1 1 0 0 0
94 1 0 0 0 0
95 1 1 1 0 0
140 1 0 0 0 0
141 1 0 0 0 0
143 1 0 0 0 0
144 1 1 0 0 0
146 1 0 0 0 0
147 1 0 0 0 0
149 1 0 0 0 0
150 1 1 1 0 0
197 1 0 0 0 0
198 1 0 0 0 0
199 1 0 0 0 0
200 1 0 0 0 0
201 1 0 0 0 0
202 1 0 0 0 0
fl=./string/../sysdeps/x86_64/multiarch/../multiarch/memset-vec-unaligned-erms.S
fn=memset
132 7 0 0 0 0
133 35 0 0 0 0
138 7 0 0 0 0
139 7 7 5 0 0
142 2 0 0 0 0
143 2 2 2 0 0
244 2 0 0 0 0
245 2 0 0 0 0
257 2 0 0 0 0
260 2 0 0 0 0
261 2 2 0 0 0
273 2 0 0 0 0
274 2 0 0 0 0
287 2 0 0 0 0
288 2 0 0 0 0
290 2 2 1 0 0
293 1 0 0 0 0
296 2 0 0 0 0
299 28 0 0 0 0
300 28 0 0 0 0
301 28 0 0 0 0
302 28 0 0 0 0
303 28 0 0 0 0
304 28 0 0 0 0
305 28 28 10 0 0
308 2 0 0 0 0
309 2 0 0 0 0
310 2 0 0 0 0
311 2 0 0 0 0
316 2 0 0 0 0
350 5 0 0 0 0
352 5 0 0 0 0
353 5 5 5 0 0
392 5 0 0 0 0
393 5 0 0 0 0
395 5 0 0 0 0
fl=./string/../sysdeps/x86_64/multiarch/../multiarch/strchr-sse2.S
fn=index
32 15 0 0 0 0
33 15 0 0 0 0
34 15 0 0 0 0
35 15 0 0 0 0
36 15 0 0 0 0
37 15 0 0 0 0
38 15 0 0 0 0
39 15 0 0 0 0
40 15 15 0 0 0
41 15 0 0 0 0
42 15 0 0 0 0
43 15 0 0 0 0
44 15 0 0 0 0
45 15 0 0 0 0
46 15 0 0 0 0
47 15 0 0 0 0
48 15 0 0 0 0
49 15 15 2 0 0
50 13 0 0 0 0
54 13 0 0 0 0
55 13 0 0 0 0
56 13 0 0 0 0
57 13 0 0 0 0
59 13 0 0 0 0
63 2 0 0 0 0
64 2 0 0 0 0
65 2 0 0 0 0
66 2 0 0 0 0
67 2 0 0 0 0
68 2 0 0 0 0
69 2 0 0 0 0
70 2 0 0 0 0
71 2 0 0 0 0
72 2 0 0 0 0
73 2 0 0 0 0
74 2 0 0 0 0
75 2 0 0 0 0
76 2 0 0 0 0
77 2 0 0 0 0
78 2 0 0 0 0
79 2 0 0 0 0
80 2 0 0 0 0
81 2 0 0 0 0
82 2 0 0 0 0
83 2 0 0 0 0
84 2 0 0 0 0
85 2 0 0 0 0
86 2 2 2 0 0
138 2 0 0 0 0
142 2 0 0 0 0
143 2 0 0 0 0
144 2 0 0 0 0
145 2 0 0 0 0
147 2 0 0 0 0
fl=./string/../sysdeps/x86_64/multiarch/../multiarch/strcmp-sse2.S
fn=strcmp
98 138 0 0 0 0
131 138 0 0 0 0
132 138 0 0 0 0
134 138 0 0 0 0
135 138 0 0 0 0
156 138 0 0 0 0
157 138 124 10 0 0
158 130 0 0 0 0
159 130 130 18 0 0
160 107 0 0 0 0
161 107 0 0 0 0
162 107 0 0 0 0
163 107 0 0 0 0
180 107 0 0 0 0
181 107 0 0 0 0
182 107 0 0 0 0
183 107 0 0 0 0
184 107 0 0 0 0
185 107 0 0 0 0
186 107 107 28 0 0
191 5 0 0 0 0
192 15 0 0 0 0
201 36 0 0 0 0
202 36 0 0 0 0
203 36 0 0 0 0
204 36 0 0 0 0
205 36 0 0 0 0
206 36 0 0 0 0
207 36 0 0 0 0
208 36 36 2 0 0
209 34 34 10 0 0
210 25 0 0 0 0
211 25 0 0 0 0
212 25 0 0 0 0
214 34 0 0 0 0
215 34 0 0 0 0
216 34 0 0 0 0
217 34 0 0 0 0
218 34 0 0 0 0
219 34 0 0 34 24
229 2 0 0 0 0
230 2 0 0 0 0
231 2 0 0 0 0
233 2 0 0 0 0
239 2 0 0 0 0
240 2 0 0 0 0
241 2 0 0 0 0
242 2 0 0 0 0
243 2 0 0 0 0
248 2 2 0 0 0
250 2 0 0 0 0
251 2 0 0 0 0
252 4 0 0 0 0
260 2 0 0 0 0
261 2 0 0 0 0
264 2 0 0 0 0
265 2 0 0 0 0
266 2 0 0 0 0
267 2 0 0 0 0
268 2 0 0 0 0
269 2 2 2 0 0
542 2 0 0 0 0
543 2 0 0 0 0
544 2 0 0 0 0
545 2 0 0 0 0
546 2 0 0 0 0
548 2 0 0 0 0
549 2 0 0 0 0
550 2 0 0 0 0
551 2 0 0 0 0
552 2 0 0 0 0
553 2 0 0 0 0
554 2 2 0 0 0
555 2 0 0 0 0
559 2 0 0 0 0
560 2 0 0 0 0
561 2 0 0 0 0
567 2 0 0 0 0
568 2 0 0 0 0
569 4 0 0 0 0
573 2 0 0 0 0
574 2 2 0 0 0
577 2 0 0 0 0
578 2 0 0 0 0
579 2 0 0 0 0
581 2 0 0 0 0
582 2 0 0 0 0
583 2 0 0 0 0
587 2 0 0 0 0
588 2 0 0 0 0
589 2 0 0 0 0
590 2 0 0 0 0
591 2 0 0 0 0
592 2 2 2 0 0
899 8 0 0 0 0
900 8 0 0 0 0
901 8 0 0 0 0
902 8 0 0 0 0
903 8 0 0 0 0
905 8 0 0 0 0
906 8 0 0 0 0
907 8 0 0 0 0
908 8 0 0 0 0
909 8 0 0 0 0
910 8 0 0 0 0
911 8 8 5 0 0
1018 1 0 0 0 0
1019 1 0 0 0 0
1020 1 0 0 0 0
1021 1 0 0 0 0
1022 1 0 0 0 0
1024 1 0 0 0 0
1025 1 0 0 0 0
1026 1 0 0 0 0
1027 1 0 0 0 0
1028 1 0 0 0 0
1029 1 0 0 0 0
1030 1 1 0 0 0
1031 1 0 0 0 0
1035 1 0 0 0 0
1036 1 0 0 0 0
1037 1 0 0 0 0
1043 1 0 0 0 0
1044 1 0 0 0 0
1045 2 0 0 0 0
1049 1 0 0 0 0
1050 1 1 0 0 0
1053 1 0 0 0 0
1054 1 0 0 0 0
1055 1 0 0 0 0
1057 1 0 0 0 0
1058 1 0 0 0 0
1059 1 0 0 0 0
1063 1 0 0 0 0
1064 1 0 0 0 0
1065 1 0 0 0 0
1066 1 0 0 0 0
1067 1 0 0 0 0
1068 1 1 1 0 0
1137 4 0 0 0 0
1138 4 0 0 0 0
1139 4 0 0 0 0
1140 4 0 0 0 0
1141 4 0 0 0 0
1143 4 0 0 0 0
1144 4 0 0 0 0
1145 4 0 0 0 0
1146 4 0 0 0 0
1147 4 0 0 0 0
1148 4 0 0 0 0
1149 4 4 2 0 0
1150 3 0 0 0 0
1154 3 0 0 0 0
1155 3 0 0 0 0
1156 3 0 0 0 0
1162 3 0 0 0 0
1163 3 0 0 0 0
1164 6 0 0 0 0
1168 3 0 0 0 0
1169 3 3 0 0 0
1172 3 0 0 0 0
1173 3 0 0 0 0
1174 3 0 0 0 0
1176 3 0 0 0 0
1177 3 0 0 0 0
1178 3 0 0 0 0
1182 3 0 0 0 0
1183 3 0 0 0 0
1184 3 0 0 0 0
1185 3 0 0 0 0
1186 3 0 0 0 0
1187 3 3 2 0 0
1256 3 0 0 0 0
1257 3 0 0 0 0
1258 3 0 0 0 0
1259 3 0 0 0 0
1260 3 0 0 0 0
1262 3 0 0 0 0
1263 3 0 0 0 0
1264 3 0 0 0 0
1265 3 0 0 0 0
1266 3 0 0 0 0
1267 3 0 0 0 0
1268 3 3 1 0 0
1269 2 0 0 0 0
1273 2 0 0 0 0
1274 2 0 0 0 0
1275 2 0 0 0 0
1281 2 0 0 0 0
1282 2 0 0 0 0
1283 4 0 0 0 0
1287 2 0 0 0 0
1288 2 2 0 0 0
1291 2 0 0 0 0
1292 2 0 0 0 0
1293 2 0 0 0 0
1295 2 0 0 0 0
1296 2 0 0 0 0
1297 2 0 0 0 0
1301 2 0 0 0 0
1302 2 0 0 0 0
1303 2 0 0 0 0
1304 2 0 0 0 0
1305 2 0 0 0 0
1306 2 2 2 0 0
1375 3 0 0 0 0
1376 3 0 0 0 0
1377 3 0 0 0 0
1378 3 0 0 0 0
1379 3 0 0 0 0
1381 3 0 0 0 0
1382 3 0 0 0 0
1383 3 0 0 0 0
1384 3 0 0 0 0
1385 3 0 0 0 0
1386 3 0 0 0 0
1387 3 3 0 0 0
1388 3 0 0 0 0
1392 3 0 0 0 0
1393 3 0 0 0 0
1394 3 0 0 0 0
1400 3 0 0 0 0
1401 3 0 0 0 0
1402 6 0 0 0 0
1406 3 0 0 0 0
1407 3 3 0 0 0
1410 3 0 0 0 0
1411 3 0 0 0 0
1412 3 0 0 0 0
1414 3 0 0 0 0
1415 3 0 0 0 0
1416 3 0 0 0 0
1420 3 0 0 0 0
1421 3 0 0 0 0
1422 3 0 0 0 0
1423 3 0 0 0 0
1424 3 0 0 0 0
1425 3 3 3 0 0
1494 2 0 0 0 0
1495 2 0 0 0 0
1496 2 0 0 0 0
1497 2 0 0 0 0
1498 2 0 0 0 0
1500 2 0 0 0 0
1501 2 0 0 0 0
1502 2 0 0 0 0
1503 2 0 0 0 0
1504 2 0 0 0 0
1505 2 0 0 0 0
1506 2 2 1 0 0
1507 1 0 0 0 0
1511 1 0 0 0 0
1512 1 0 0 0 0
1513 1 0 0 0 0
1519 1 0 0 0 0
1520 1 0 0 0 0
1521 2 0 0 0 0
1525 1 0 0 0 0
1526 1 1 0 0 0
1529 1 0 0 0 0
1530 1 0 0 0 0
1531 1 0 0 0 0
1533 1 0 0 0 0
1534 1 0 0 0 0
1535 1 0 0 0 0
1539 1 0 0 0 0
1540 1 0 0 0 0
1541 1 0 0 0 0
1542 1 0 0 0 0
1543 1 0 0 0 0
1544 1 1 1 0 0
1613 2 0 0 0 0
1614 2 0 0 0 0
1615 2 0 0 0 0
1616 2 0 0 0 0
1617 2 0 0 0 0
1619 2 0 0 0 0
1620 2 0 0 0 0
1621 2 0 0 0 0
1622 2 0 0 0 0
1623 2 0 0 0 0
1624 2 0 0 0 0
1625 2 2 2 0 0
1732 1 0 0 0 0
1733 1 0 0 0 0
1734 1 0 0 0 0
1735 1 0 0 0 0
1736 1 0 0 0 0
1738 1 0 0 0 0
1739 1 0 0 0 0
1740 1 0 0 0 0
1741 1 0 0 0 0
1742 1 0 0 0 0
1743 1 0 0 0 0
1744 1 1 0 0 0
1745 1 0 0 0 0
1749 1 0 0 0 0
1750 1 0 0 0 0
1751 1 0 0 0 0
1757 1 0 0 0 0
1758 1 0 0 0 0
1759 2 0 0 0 0
1763 1 0 0 0 0
1764 1 1 0 0 0
1767 1 0 0 0 0
1768 1 0 0 0 0
1769 1 0 0 0 0
1771 1 0 0 0 0
1772 1 0 0 0 0
1773 1 0 0 0 0
1777 1 0 0 0 0
1778 1 0 0 0 0
1779 1 0 0 0 0
1780 1 0 0 0 0
1781 1 0 0 0 0
1782 1 1 1 0 0
1851 7 0 0 0 0
1852 7 0 0 0 0
1853 7 0 0 0 0
1854 7 0 0 0 0
1855 7 0 0 0 0
1857 7 0 0 0 0
1858 7 0 0 0 0
1859 7 0 0 0 0
1860 7 0 0 0 0
1861 7 0 0 0 0
1862 7 0 0 0 0
1863 7 7 3 0 0
1864 2 0 0 0 0
1868 2 0 0 0 0
1869 2 0 0 0 0
1870 2 0 0 0 0
1876 2 0 0 0 0
1877 2 0 0 0 0
1878 4 0 0 0 0
1882 2 0 0 0 0
1883 2 2 0 0 0
1886 2 0 0 0 0
1887 2 0 0 0 0
1888 2 0 0 0 0
1890 2 0 0 0 0
1891 2 0 0 0 0
1892 2 0 0 0 0
1896 2 0 0 0 0
1897 2 0 0 0 0
1898 2 0 0 0 0
1899 2 0 0 0 0
1900 2 0 0 0 0
1901 2 2 2 0 0
1970 1 0 0 0 0
1971 1 0 0 0 0
1972 1 0 0 0 0
1973 1 0 0 0 0
1974 1 0 0 0 0
1976 1 0 0 0 0
1977 1 0 0 0 0
1978 1 0 0 0 0
1979 1 0 0 0 0
1980 1 0 0 0 0
1981 1 0 0 0 0
1982 1 1 1 0 0
2093 17 0 0 0 0
2095 36 0 0 0 0
2096 36 0 0 0 0
2097 36 0 0 0 0
2098 36 36 7 0 0
2099 50 0 0 0 0
2104 138 0 0 0 0
2110 138 0 0 0 0
2111 138 0 0 0 0
2119 138 0 0 0 0
2120 138 0 0 0 0
fn=strncmp
98 1 0 0 0 0
125 1 0 0 0 0
126 1 1 0 0 0
127 1 0 0 0 0
128 1 1 0 0 0
129 1 0 0 0 0
131 1 0 0 0 0
132 1 0 0 0 0
134 1 0 0 0 0
135 1 0 0 0 0
156 1 0 0 0 0
157 1 0 0 0 0
158 1 0 0 0 0
159 1 1 1 0 0
201 1 0 0 0 0
202 1 0 0 0 0
203 1 0 0 0 0
204 1 0 0 0 0
205 1 0 0 0 0
206 1 0 0 0 0
207 1 0 0 0 0
208 1 1 0 0 0
209 1 1 1 0 0
214 1 0 0 0 0
215 1 0 0 0 0
216 1 0 0 0 0
217 1 0 0 0 0
218 1 0 0 0 0
219 1 0 0 1 1
1613 1 0 0 0 0
1614 1 0 0 0 0
1615 1 0 0 0 0
1616 1 0 0 0 0
1617 1 0 0 0 0
1619 1 0 0 0 0
1620 1 0 0 0 0
1621 1 0 0 0 0
1622 1 0 0 0 0
1623 1 0 0 0 0
1624 1 0 0 0 0
1625 1 1 1 0 0
2095 1 0 0 0 0
2096 1 0 0 0 0
2097 1 0 0 0 0
2098 1 1 1 0 0
2104 1 0 0 0 0
2107 1 0 0 0 0
2108 1 1 0 0 0
2110 1 0 0 0 0
2111 1 0 0 0 0
2119 1 0 0 0 0
2120 1 0 0 0 0
fl=./string/../sysdeps/x86_64/multiarch/../multiarch/strlen-sse2.S
fn=strlen
57 15 0 0 0 0
101 15 0 0 0 0
102 15 0 0 0 0
103 15 0 0 0 0
104 15 0 0 0 0
105 15 0 0 0 0
106 15 0 0 0 0
107 15 0 0 0 0
109 15 0 0 0 0
111 15 15 0 0 0
142 15 0 0 0 0
143 15 0 0 0 0
144 15 0 0 0 0
145 15 0 0 0 0
146 15 15 5 0 0
147 9 0 0 0 0
149 9 0 0 0 0
153 6 0 0 0 0
154 6 0 0 0 0
155 6 0 0 0 0
156 6 0 0 0 0
157 6 0 0 0 0
158 6 0 0 0 0
159 6 0 0 0 0
160 6 0 0 0 0
161 6 0 0 0 0
162 6 0 0 0 0
163 6 0 0 0 0
164 6 0 0 0 0
169 48 6 0 0 0
fl=./string/../sysdeps/x86_64/multiarch/ifunc-avx2.h
fn=memrchr
38 4 1 1 0 0
40 3 0 0 0 0
41 2 1 0 0 0
42 3 1 0 0 0
45 2 0 0 0 0
46 2 1 1 0 0
49 3 1 0 0 0
52 6 0 0 0 0
fn=rindex
38 4 1 1 0 0
40 3 0 0 0 0
41 2 1 0 0 0
42 3 1 0 0 0
45 2 0 0 0 0
46 2 1 1 0 0
49 3 1 0 0 0
52 6 0 0 0 0
fn=strchrnul
38 4 1 1 0 0
40 3 0 0 0 0
41 2 1 0 0 0
42 3 1 0 0 0
45 2 0 0 0 0
46 2 1 1 0 0
49 3 1 0 0 0
52 6 0 0 0 0
fn=strlen
38 4 1 1 0 0
40 3 0 0 0 0
41 2 1 0 0 0
42 3 1 0 0 0
45 2 0 0 0 0
46 2 1 1 0 0
49 3 1 0 0 0
52 6 0 0 0 0
fn=strnlen
38 8 2 2 0 0
40 6 0 0 0 0
41 4 2 0 0 0
42 6 2 0 0 0
45 4 0 0 0 0
46 4 2 2 0 0
49 6 2 0 0 0
52 12 0 0 0 0
fl=./string/../sysdeps/x86_64/multiarch/ifunc-evex.h
fn=memchr
37 4 1 1 0 0
38 3 0 0 0 0
39 3 1 0 0 0
42 2 0 0 0 0
43 2 1 1 0 0
45 2 0 0 0 0
51 3 1 0 0 0
54 4 0 0 0 0
fl=./string/../sysdeps/x86_64/multiarch/ifunc-memcmp.h
fn=bcmp
34 5 1 0 0 0
35 2 1 0 0 0
36 2 1 0 0 0
37 3 1 0 0 0
40 2 0 0 0 0
41 2 1 1 0 0
44 3 1 0 0 0
47 4 0 0 0 0
fl=./string/../sysdeps/x86_64/multiarch/ifunc-memmove.h
fn=memcpy@@GLIBC_2.14
56 2 1 0 0 0
57 3 0 0 0 0
60 3 0 0 0 0
61 2 1 1 0 0
74 2 1 0 0 0
77 2 1 0 0 0
85 2 1 1 0 0
93 2 1 1 0 0
96 5 0 0 0 0
fn=memmove
56 2 1 0 0 0
57 3 0 0 0 0
60 3 0 0 0 0
61 2 1 1 0 0
74 2 1 0 0 0
77 2 1 0 0 0
85 2 1 1 0 0
93 2 1 1 0 0
96 5 0 0 0 0
fn=mempcpy
56 2 1 0 0 0
57 3 0 0 0 0
60 3 0 0 0 0
61 2 1 1 0 0
74 2 1 0 0 0
77 2 1 0 0 0
85 2 1 1 0 0
93 2 1 1 0 0
96 5 0 0 0 0
fl=./string/../sysdeps/x86_64/multiarch/ifunc-memset.h
fn=memset
54 5 1 0 0 0
57 3 0 0 0 0
58 2 1 1 0 0
64 2 0 0 0 0
73 2 1 0 0 0
75 2 1 0 0 0
85 2 1 0 0 0
93 2 1 0 0 0
96 5 0 0 0 0
fl=./string/../sysdeps/x86_64/multiarch/ifunc-sse4_2.h
fn=strcspn
36 5 0 0 0 0
fn=strpbrk
36 5 0 0 0 0
fn=strspn
36 5 0 0 0 0
fl=./string/../sysdeps/x86_64/multiarch/ifunc-strcasecmp.h
fn=strcasecmp
36 4 1 1 0 0
37 2 0 0 0 0
38 3 1 0 0 0
41 2 0 0 0 0
42 2 1 1 0 0
45 3 1 0 0 0
48 5 1 1 0 0
fn=strcasecmp_l
36 4 1 1 0 0
37 2 0 0 0 0
38 3 1 0 0 0
41 2 0 0 0 0
42 2 1 1 0 0
45 3 1 0 0 0
48 5 1 0 0 0
fn=strncasecmp
36 4 1 1 0 0
37 2 0 0 0 0
38 3 1 0 0 0
41 2 0 0 0 0
42 2 1 1 0 0
45 3 1 0 0 0
48 5 1 0 0 0
fn=strncasecmp_l
36 4 1 1 0 0
37 2 0 0 0 0
38 3 1 0 0 0
41 2 0 0 0 0
42 2 1 1 0 0
45 3 1 0 0 0
48 5 1 0 0 0
fl=./string/../sysdeps/x86_64/multiarch/ifunc-strcpy.h
fn=stpcpy
38 4 0 0 0 0
39 3 1 0 0 0
42 2 0 0 0 0
43 2 1 1 0 0
46 3 1 0 0 0
49 3 1 1 0 0
fn=strcat
38 4 0 0 0 0
39 3 1 0 0 0
42 2 0 0 0 0
43 2 1 1 0 0
46 3 1 0 0 0
49 3 1 1 0 0
fn=strcpy
38 4 0 0 0 0
39 3 1 0 0 0
42 2 0 0 0 0
43 2 1 1 0 0
46 3 1 0 0 0
49 3 1 1 0 0
fl=./string/../sysdeps/x86_64/multiarch/ifunc-strncpy.h
fn=stpncpy
35 5 1 0 0 0
36 3 1 0 0 0
39 2 0 0 0 0
40 2 1 1 0 0
43 3 1 0 0 0
46 4 0 0 0 0
fn=strncpy
35 5 1 0 0 0
36 3 1 0 0 0
39 2 0 0 0 0
40 2 1 1 0 0
43 3 1 0 0 0
46 4 0 0 0 0
fl=./string/../sysdeps/x86_64/multiarch/memchr.c
fn=memchr
29 2 0 0 0 0
fl=./string/../sysdeps/x86_64/multiarch/memcmp.c
fn=bcmp
29 4 0 0 0 0
fl=./string/../sysdeps/x86_64/multiarch/memcmpeq.c
fn=memcpy@@GLIBC_2.14
29 1 0 0 0 0
fl=./string/../sysdeps/x86_64/multiarch/memmove-vec-unaligned-erms.S
fn=memcpy
210 15 0 0 0 0
211 15 0 0 0 0
217 28 0 0 0 0
218 28 28 15 0 0
220 14 0 0 0 0
221 14 0 0 0 0
222 14 14 4 0 0
224 10 0 0 0 0
225 10 0 0 0 0
226 10 0 0 0 0
228 10 0 0 0 0
308 14 0 0 0 0
309 14 14 12 0 0
311 2 0 0 0 0
315 2 2 0 0 0
316 2 0 0 0 0
317 2 2 1 0 0
318 1 0 0 0 0
319 1 1 1 0 0
323 1 0 0 0 0
325 2 0 0 0 0
364 12 0 0 0 0
365 12 0 0 0 0
366 12 0 0 0 0
367 12 0 0 0 0
368 12 0 0 0 0
375 4 0 0 0 0
376 4 0 0 0 0
377 4 0 0 0 0
378 4 0 0 0 0
379 4 0 0 0 0
380 4 0 0 0 0
381 4 0 0 0 0
392 4 0 0 0 0
393 4 4 0 0 0
395 4 0 0 0 0
396 4 0 0 0 0
397 4 4 3 0 0
fn=mempcpy
197 13 0 0 0 0
198 13 0 0 0 0
199 13 0 0 0 0
200 13 0 0 0 0
fl=./string/../sysdeps/x86_64/multiarch/memmove.c
fn=memmove
29 1 0 0 0 0
fl=./string/../sysdeps/x86_64/multiarch/mempcpy.c
fn=mempcpy
33 1 0 0 0 0
fl=./string/../sysdeps/x86_64/multiarch/memrchr.c
fn=memrchr
29 3 0 0 0 0
fl=./string/../sysdeps/x86_64/multiarch/memset.c
fn=memset
29 1 0 0 0 0
fl=./string/../sysdeps/x86_64/multiarch/stpcpy.c
fn=stpcpy
33 3 0 0 0 0
fl=./string/../sysdeps/x86_64/multiarch/stpncpy.c
fn=stpncpy
31 3 0 0 0 0
fl=./string/../sysdeps/x86_64/multiarch/strcasecmp.c
fn=strcasecmp
31 3 0 0 0 0
fl=./string/../sysdeps/x86_64/multiarch/strcasecmp_l.c
fn=strcasecmp_l
31 3 0 0 0 0
fl=./string/../sysdeps/x86_64/multiarch/strcat.c
fn=strcat
29 3 0 0 0 0
fl=./string/../sysdeps/x86_64/multiarch/strchr.c
fn=index
42 4 0 0 0 0
43 2 0 0 0 0
44 3 1 0 0 0
47 2 0 0 0 0
48 2 1 1 0 0
51 3 1 0 0 0
54 3 1 0 0 0
65 3 0 0 0 0
fl=./string/../sysdeps/x86_64/multiarch/strchrnul.c
fn=strchrnul
31 3 0 0 0 0
fl=./string/../sysdeps/x86_64/multiarch/strcmp.c
fn=strcmp
47 4 0 0 0 0
48 2 0 0 0 0
49 3 1 0 0 0
52 2 0 0 0 0
53 2 1 1 0 0
56 3 1 0 0 0
59 3 1 0 0 0
79 3 0 0 0 0
fl=./string/../sysdeps/x86_64/multiarch/strcpy.c
fn=strcpy
29 3 0 0 0 0
fl=./string/../sysdeps/x86_64/multiarch/strcspn.c
fn=strcspn
29 2 0 0 0 0
fl=./string/../sysdeps/x86_64/multiarch/strlen.c
fn=strlen
29 3 0 0 0 0
fl=./string/../sysdeps/x86_64/multiarch/strncase.c
fn=strncasecmp
31 3 0 0 0 0
fl=./string/../sysdeps/x86_64/multiarch/strncase_l.c
fn=strncasecmp_l
31 3 0 0 0 0
fl=./string/../sysdeps/x86_64/multiarch/strncmp.c
fn=strncmp
43 4 1 1 0 0
44 2 0 0 0 0
45 3 1 0 0 0
48 2 0 0 0 0
49 2 1 1 0 0
52 3 1 0 0 0
55 5 1 0 0 0
67 3 0 0 0 0
fl=./string/../sysdeps/x86_64/multiarch/strncpy.c
fn=strncpy
29 3 0 0 0 0
fl=./string/../sysdeps/x86_64/multiarch/strnlen.c
fn=strnlen
31 6 0 0 0 0
fl=./string/../sysdeps/x86_64/multiarch/strpbrk.c
fn=strpbrk
29 2 0 0 0 0
fl=./string/../sysdeps/x86_64/multiarch/strrchr-avx2.S
fn=__strrchr_avx2
53 1 0 0 0 0
54 1 0 0 0 0
55 1 0 0 0 0
57 1 0 0 0 0
58 1 0 0 0 0
62 1 0 0 0 0
63 1 0 0 0 0
64 1 1 0 0 0
67 1 0 0 0 0
69 1 0 0 0 0
70 1 0 0 0 0
71 1 0 0 0 0
72 1 1 0 0 0
75 1 0 0 0 0
76 1 0 0 0 0
78 1 0 0 0 0
79 1 0 0 0 0
80 1 1 0 0 0
81 1 0 0 0 0
82 1 0 0 0 0
91 2 0 0 0 0
fl=./string/../sysdeps/x86_64/multiarch/strrchr.c
fn=rindex
28 3 0 0 0 0
fl=./string/../sysdeps/x86_64/multiarch/strspn.c
fn=strspn
29 2 0 0 0 0
fl=./string/./string/strdup.c
fn=strdup
40 15 0 0 0 0
41 6 0 0 0 0
44 6 3 0 0 0
47 12 0 0 0 0
48 9 0 0 0 0
fl=./wcsmbs/../sysdeps/x86_64/multiarch/ifunc-avx2.h
fn=wcschr
38 8 2 2 0 0
40 6 0 0 0 0
41 4 2 0 0 0
42 6 2 0 0 0
45 4 0 0 0 0
46 4 2 2 0 0
49 6 2 0 0 0
52 12 0 0 0 0
fn=wcscmp
38 4 1 1 0 0
40 3 0 0 0 0
41 2 1 0 0 0
42 3 1 0 0 0
45 2 0 0 0 0
46 2 1 1 0 0
49 3 1 0 0 0
52 6 0 0 0 0
fl=./wcsmbs/../sysdeps/x86_64/multiarch/ifunc-evex.h
fn=wmemchr
37 8 2 2 0 0
38 6 0 0 0 0
39 6 2 0 0 0
42 4 0 0 0 0
43 4 2 2 0 0
45 4 0 0 0 0
51 6 2 0 0 0
54 8 0 0 0 0
fl=./wcsmbs/../sysdeps/x86_64/multiarch/ifunc-memcmp.h
fn=wmemcmp
34 5 1 0 0 0
35 2 1 0 0 0
36 2 1 0 0 0
37 3 1 0 0 0
40 2 0 0 0 0
41 2 1 1 0 0
44 3 1 0 0 0
47 4 0 0 0 0
fl=./wcsmbs/../sysdeps/x86_64/multiarch/ifunc-wcs.h
fn=wcpncpy
39 4 1 1 0 0
40 3 0 0 0 0
41 3 1 0 0 0
44 2 0 0 0 0
45 3 1 1 0 0
48 4 0 0 0 0
fn=wcscat
39 4 1 1 0 0
40 3 0 0 0 0
41 3 1 0 0 0
44 2 0 0 0 0
45 3 1 0 0 0
48 4 0 0 0 0
fn=wcsncpy
39 4 1 1 0 0
40 3 0 0 0 0
41 3 1 0 0 0
44 2 0 0 0 0
45 3 1 1 0 0
48 4 0 0 0 0
fl=./wcsmbs/../sysdeps/x86_64/multiarch/ifunc-wcslen.h
fn=wcslen
40 4 1 1 0 0
41 2 0 0 0 0
42 3 1 0 0 0
45 2 0 0 0 0
46 2 1 1 0 0
49 3 1 0 0 0
52 3 1 0 0 0
fn=wcsnlen
40 4 1 1 0 0
41 2 0 0 0 0
42 3 1 0 0 0
45 2 0 0 0 0
46 2 1 1 0 0
49 3 1 0 0 0
52 3 1 0 0 0
fl=./wcsmbs/../sysdeps/x86_64/multiarch/ifunc-wmemset.h
fn=wmemset
36 10 2 0 0 0
37 6 2 1 0 0
fl=./wcsmbs/../sysdeps/x86_64/multiarch/wcpcpy.c
fn=wcpncpy
31 1 0 0 0 0
fl=./wcsmbs/../sysdeps/x86_64/multiarch/wcpncpy.c
fn=wcpncpy
31 1 0 0 0 0
fl=./wcsmbs/../sysdeps/x86_64/multiarch/wcscat.c
fn=wcscat
31 2 0 0 0 0
fn=wcschr
31 2 0 0 0 0
fl=./wcsmbs/../sysdeps/x86_64/multiarch/wcschr.c
fn=wcschr
31 4 0 0 0 0
fl=./wcsmbs/../sysdeps/x86_64/multiarch/wcscmp.c
fn=wcscmp
30 3 0 0 0 0
fl=./wcsmbs/../sysdeps/x86_64/multiarch/wcscpy.c
fn=wcscpy
42 4 1 1 0 0
43 2 0 0 0 0
44 3 1 0 0 0
46 2 0 0 0 0
47 3 1 1 0 0
50 3 1 0 0 0
60 2 0 0 0 0
fl=./wcsmbs/../sysdeps/x86_64/multiarch/wcslen.c
fn=wcslen
29 3 0 0 0 0
fl=./wcsmbs/../sysdeps/x86_64/multiarch/wcsncpy.c
fn=wcsncpy
31 2 0 0 0 0
fl=./wcsmbs/../sysdeps/x86_64/multiarch/wcsnlen.c
fn=wcsnlen
30 3 0 0 0 0
fl=./wcsmbs/../sysdeps/x86_64/multiarch/wmemchr.c
fn=wmemchr
31 4 0 0 0 0
fl=./wcsmbs/../sysdeps/x86_64/multiarch/wmemcmp.c
fn=wmemcmp
29 4 0 0 0 0
fl=./wcsmbs/../sysdeps/x86_64/multiarch/wmemset.c
fn=wmemset
31 4 0 0 0 0
fl=/home/adrian/Dropbox/uni/ASC/labs/lab10/task2/task2.c
fn=main
15 6 0 0 0 0
18 2 1 1 0 0
23 10 2 0 0 0
32 5126753504 125501001 250532 0 0
33 1 0 0 0 0
36 1 0 0 0 0
37 2 0 0 0 0
fl=???
fn=(below main)
0 12 0 0 1 1
fn=???
0 131 10 6 15 8
summary: 5126902077 125532849 254253 272 146
